1 SpineBase 391,203 292,5398
1 SpineMid 364,99 198,2552
1 Neck 340,787 110,5178
1 Head 319,109 72,98732
1 ShoulderLeft 314,3869 165,6543
1 ElbowLeft 299,5554 108,5103
1 WristLeft 274,7503 151,3037
1 HandLeft 287,4427 165,1625
1 ShoulderRight 392,2544 139,7031
1 ElbowRight 349,4342 206,6169
1 WristRight 301,687 246,4344
1 HandRight 276,0894 290,5296
1 HipLeft 372,1118 299,2229
1 KneeLeft 351,4019 436,4095
1 AnkleLeft 329,8689 491,2898
1 FootLeft 303,744 525,2435
1 HipRight 413,2567 285,2088
1 KneeRight 484,8712 435,7095
1 AnkleRight 0 0
1 FootRight 0 0
1 SpineShoulder 346,6699 131,9269
1 HandTipLeft 289,3956 181,058
1 ThumbLeft 289,2517 171,8318
1 HandTipRight 274,7983 289,8298
1 ThumbRight 274,3203 288,5545
2 SpineBase 391,2222 292,5264
2 SpineMid 364,951 198,1874
2 Neck 340,684 110,3901
2 Head 318,9588 72,94162
2 ShoulderLeft 314,595 165,5098
2 ElbowLeft 299,3434 108,4776
2 WristLeft 275,4056 151,3403
2 HandLeft 287,9713 165,0352
2 ShoulderRight 392,1846 139,6884
2 ElbowRight 349,0004 206,0408
2 WristRight 302,8723 247,871
2 HandRight 274,5231 288,7603
2 HipLeft 372,1408 299,1877
2 KneeLeft 351,3548 436,4463
2 AnkleLeft 319,2755 492,3161
2 FootLeft 290,9511 525,3448
2 HipRight 413,242 285,2474
2 KneeRight 484,5617 436,0126
2 AnkleRight 0 0
2 FootRight 0 0
2 SpineShoulder 346,5805 131,8118
2 HandTipLeft 289,767 180,7323
2 ThumbLeft 289,5105 171,8383
2 HandTipRight 273,2427 288,0694
2 ThumbRight 272,1628 287,1956
3 SpineBase 390,8861 292,6362
3 SpineMid 364,7837 198,1961
3 Neck 340,6203 110,297
3 Head 318,8991 72,88759
3 ShoulderLeft 314,5851 165,4708
3 ElbowLeft 299,147 108,489
3 WristLeft 275,8593 151,3799
3 HandLeft 287,942 164,9812
3 ShoulderRight 392,1057 139,6897
3 ElbowRight 349,1559 206,6818
3 WristRight 301,2578 246,4969
3 HandRight 275,7603 289,8241
3 HipLeft 371,9063 299,1668
3 KneeLeft 351,54 436,5389
3 AnkleLeft 306,8618 455,6192
3 FootLeft 275,9617 478,3907
3 HipRight 412,7402 285,5674
3 KneeRight 485,1622 435,9541
3 AnkleRight 0 0
3 FootRight 0 0
3 SpineShoulder 346,4933 131,7446
3 HandTipLeft 289,8396 179,4258
3 ThumbLeft 289,4949 171,7647
3 HandTipRight 274,9088 289,8298
3 ThumbRight 274,8537 288,7875
4 SpineBase 390,7441 292,6894
4 SpineMid 364,6771 198,1542
4 Neck 340,5601 110,1251
4 Head 318,8593 72,89821
4 ShoulderLeft 314,9442 165,2341
4 ElbowLeft 298,9988 108,4406
4 WristLeft 276,1905 151,3698
4 HandLeft 288,5337 166,1264
4 ShoulderRight 392,0688 139,6904
4 ElbowRight 349,3899 206,9563
4 WristRight 300,4333 245,4124
4 HandRight 275,0593 289,4723
4 HipLeft 371,8491 299,1513
4 KneeLeft 351,5889 436,6788
4 AnkleLeft 317,1563 490,0585
4 FootLeft 288,316 522,1741
4 HipRight 412,4806 285,7448
4 KneeRight 485,0169 436,1994
4 AnkleRight 0 0
4 FootRight 0 0
4 SpineShoulder 346,42 131,6071
4 HandTipLeft 289,8826 181,072
4 ThumbLeft 290,3668 171,7355
4 HandTipRight 274,9207 289,8323
4 ThumbRight 274,1946 288,3959
5 SpineBase 390,3616 292,9024
5 SpineMid 364,5073 198,2146
5 Neck 340,516 110,1115
5 Head 318,723 72,83249
5 ShoulderLeft 315,2442 165,087
5 ElbowLeft 298,9567 108,3962
5 WristLeft 276,2235 151,4321
5 HandLeft 288,5523 165,6488
5 ShoulderRight 391,9986 139,6747
5 ElbowRight 349,3293 207,041
5 WristRight 300,2389 245,3352
5 HandRight 275,859 289,8221
5 HipLeft 371,6592 299,1723
5 KneeLeft 351,7359 436,8376
5 AnkleLeft 305,0582 456,1228
5 FootLeft 273,775 478,7928
5 HipRight 411,7934 286,2791
5 KneeRight 485,3814 436,3477
5 AnkleRight 0 0
5 FootRight 0 0
5 SpineShoulder 346,3528 131,6039
5 HandTipLeft 290,3922 180,4561
5 ThumbLeft 290,0902 171,837
5 HandTipRight 276,1035 290,8936
5 ThumbRight 274,9498 288,7799
6 SpineBase 390,4898 292,8485
6 SpineMid 364,5581 198,2591
6 Neck 340,5163 110,7231
6 Head 318,5597 72,81866
6 ShoulderLeft 314,4581 166,5489
6 ElbowLeft 299,2429 109,6836
6 WristLeft 274,3574 151,8582
6 HandLeft 286,8398 165,2439
6 ShoulderRight 392,1563 139,5916
6 ElbowRight 349,7842 206,4561
6 WristRight 301,2145 245,1418
6 HandRight 276,0719 289,468
6 HipLeft 371,6753 299,1801
6 KneeLeft 351,6319 436,907
6 AnkleLeft 305,1149 456,1614
6 FootLeft 273,8876 478,84
6 HipRight 412,2271 285,9782
6 KneeRight 484,0732 436,8063
6 AnkleRight 0 0
6 FootRight 0 0
6 SpineShoulder 346,3685 131,9945
6 HandTipLeft 288,7713 179,1306
6 ThumbLeft 289,0242 172,2084
6 HandTipRight 275,8877 289,8261
6 ThumbRight 275,8053 288,8892
7 SpineBase 390,6428 292,7657
7 SpineMid 364,6056 198,2605
7 Neck 340,5251 110,9266
7 Head 318,6518 73,09101
7 ShoulderLeft 314,3835 166,6122
7 ElbowLeft 299,2119 109,7186
7 WristLeft 274,3337 151,8778
7 HandLeft 286,7376 164,9482
7 ShoulderRight 392,2203 139,5154
7 ElbowRight 350,0394 206,2086
7 WristRight 301,5255 244,8321
7 HandRight 275,7058 289,8198
7 HipLeft 371,6968 299,1709
7 KneeLeft 351,5084 436,9316
7 AnkleLeft 318,3976 496,3671
7 FootLeft 289,9414 530,2895
7 HipRight 412,6628 285,7131
7 KneeRight 483,1494 437,1145
7 AnkleRight 0 0
7 FootRight 0 0
7 SpineShoulder 346,3877 132,1308
7 HandTipLeft 288,7468 181,2821
7 ThumbLeft 288,9922 172,2377
7 HandTipRight 275,1289 290,8993
7 ThumbRight 277,4167 287,809
8 SpineBase 390,6737 292,7482
8 SpineMid 364,6102 198,2688
8 Neck 340,517 111,0703
8 Head 318,7185 73,29139
8 ShoulderLeft 314,645 166,8535
8 ElbowLeft 299,2404 110,2242
8 WristLeft 273,7749 152,2527
8 HandLeft 286,7271 165,3759
8 ShoulderRight 392,2432 139,4746
8 ElbowRight 350,1671 206,0392
8 WristRight 301,7833 244,6992
8 HandRight 276,1805 289,4725
8 HipLeft 371,7135 299,1737
8 KneeLeft 351,45 436,997
8 AnkleLeft 327,3632 494,3676
8 FootLeft 300,6346 528,7993
8 HipRight 412,6949 285,667
8 KneeRight 482,8344 437,2244
8 AnkleRight 0 0
8 FootRight 0 0
8 SpineShoulder 346,3773 132,2324
8 HandTipLeft 288,7517 179,6673
8 ThumbLeft 288,7863 172,5245
8 HandTipRight 276,4281 290,7633
8 ThumbRight 276,6167 289,4202
9 SpineBase 390,6728 292,7005
9 SpineMid 364,5889 198,2735
9 Neck 340,4955 111,238
9 Head 318,7223 73,52646
9 ShoulderLeft 314,9177 166,8473
9 ElbowLeft 299,1886 110,4843
9 WristLeft 272,7124 152,6376
9 HandLeft 285,991 163,9776
9 ShoulderRight 392,2889 139,3955
9 ElbowRight 350,3015 205,8664
9 WristRight 302,0398 244,5555
9 HandRight 274,6794 289,8298
9 HipLeft 371,7026 299,1486
9 KneeLeft 351,3281 437,0357
9 AnkleLeft 304,9212 458,0192
9 FootLeft 273,6253 481,0935
9 HipRight 412,7068 285,5575
9 KneeRight 482,0363 437,4076
9 AnkleRight 0 0
9 FootRight 0 0
9 SpineShoulder 346,3483 132,3534
9 HandTipLeft 287,7838 176,9892
9 ThumbLeft 288,422 172,742
9 HandTipRight 273,9148 289,8355
9 ThumbRight 275,1234 289,8298
10 SpineBase 390,6715 292,6976
10 SpineMid 364,5739 198,295
10 Neck 340,4987 111,3167
10 Head 318,7335 73,65423
10 ShoulderLeft 315,037 167,0886
10 ElbowLeft 299,1998 110,8258
10 WristLeft 272,2013 152,8387
10 HandLeft 286,0482 164,738
10 ShoulderRight 392,2942 139,4101
10 ElbowRight 350,3221 205,7726
10 WristRight 302,1855 244,5329
10 HandRight 276,6755 289,8186
10 HipLeft 371,6978 299,1499
10 KneeLeft 351,2411 437,1006
10 AnkleLeft 305,557 457,2214
10 FootLeft 274,3448 480,0627
10 HipRight 412,7017 285,5454
10 KneeRight 481,8206 437,4818
10 AnkleRight 0 0
10 FootRight 0 0
10 SpineShoulder 346,3425 132,4216
10 HandTipLeft 287,8161 178,0648
10 ThumbLeft 287,9582 172,9123
10 HandTipRight 275,9276 289,8241
10 ThumbRight 276,0421 288,6208
11 SpineBase 390,6769 292,6906
11 SpineMid 364,5633 198,319
11 Neck 340,4761 111,4144
11 Head 318,7178 73,79841
11 ShoulderLeft 315,1512 167,4062
11 ElbowLeft 299,2286 111,1567
11 WristLeft 271,8764 153,0558
11 HandLeft 285,4316 163,9491
11 ShoulderRight 392,2899 139,386
11 ElbowRight 350,2559 205,0539
11 WristRight 303,1265 245,8939
11 HandRight 286,6909 263,8564
11 HipLeft 371,6989 299,1503
11 KneeLeft 351,112 437,2468
11 AnkleLeft 305,9226 456,1386
11 FootLeft 274,7631 478,635
11 HipRight 412,7107 285,5243
11 KneeRight 481,697 437,5119
11 AnkleRight 0 0
11 FootRight 0 0
11 SpineShoulder 346,3193 132,5032
11 HandTipLeft 283,7289 171,1239
11 ThumbLeft 286,9149 173,7815
11 HandTipRight 286,0324 263,7096
11 ThumbRight 286,2346 262,3622
12 SpineBase 390,705 292,6867
12 SpineMid 364,5696 198,342
12 Neck 340,4501 111,4961
12 Head 318,6208 73,96469
12 ShoulderLeft 315,1395 168,3033
12 ElbowLeft 299,3609 111,7158
12 WristLeft 271,0031 153,1178
12 HandLeft 284,9123 163,9747
12 ShoulderRight 392,2712 139,3727
12 ElbowRight 349,9728 205,4282
12 WristRight 303,2097 245,3214
12 HandRight 275,6607 289,8261
12 HipLeft 371,7111 299,1765
12 KneeLeft 351,0145 437,3199
12 AnkleLeft 305,9089 456,117
12 FootLeft 274,7547 478,5837
12 HipRight 412,783 285,4688
12 KneeRight 481,4163 437,5882
12 AnkleRight 0 0
12 FootRight 0 0
12 SpineShoulder 346,2999 132,5707
12 HandTipLeft 283,6807 172,7481
12 ThumbLeft 286,3141 173,7879
12 HandTipRight 275,8272 290,8936
12 ThumbRight 276,101 289,8261
13 SpineBase 390,7034 292,6825
13 SpineMid 364,5467 198,352
13 Neck 340,4241 111,5438
13 Head 318,5445 74,05541
13 ShoulderLeft 315,2124 168,3234
13 ElbowLeft 299,3889 111,8246
13 WristLeft 271,1519 153,1948
13 HandLeft 285,0135 164,0636
13 ShoulderRight 392,2533 139,397
13 ElbowRight 350,0173 205,4163
13 WristRight 303,1452 245,1682
13 HandRight 286,6145 263,6924
13 HipLeft 371,7052 299,1766
13 KneeLeft 350,9048 437,3791
13 AnkleLeft 305,9594 455,9916
13 FootLeft 274,7945 478,411
13 HipRight 412,7756 285,4491
13 KneeRight 480,7786 437,7904
13 AnkleRight 0 0
13 FootRight 0 0
13 SpineShoulder 346,2714 132,6098
13 HandTipLeft 283,7594 171,1241
13 ThumbLeft 286,9709 173,4321
13 HandTipRight 286,7536 264,7732
13 ThumbRight 287,0349 263,6924
14 SpineBase 390,7072 292,6874
14 SpineMid 364,5395 198,4162
14 Neck 340,4177 111,7064
14 Head 318,5991 74,20031
14 ShoulderLeft 315,2683 168,3659
14 ElbowLeft 299,3863 111,9041
14 WristLeft 270,9531 153,1537
14 HandLeft 284,6263 163,8304
14 ShoulderRight 392,2392 139,3989
14 ElbowRight 350,1974 205,4893
14 WristRight 302,8271 244,5872
14 HandRight 285,8828 262,7277
14 HipLeft 371,6982 299,2064
14 KneeLeft 350,744 437,4585
14 AnkleLeft 305,9393 455,999
14 FootLeft 274,7794 478,3786
14 HipRight 412,7991 285,4495
14 KneeRight 480,2637 438,007
14 AnkleRight 0 0
14 FootRight 0 0
14 SpineShoulder 346,2618 132,7476
14 HandTipLeft 282,5556 169,523
14 ThumbLeft 286,1973 173,1285
14 HandTipRight 286,023 263,8101
14 ThumbRight 286,7902 263,3698
15 SpineBase 390,6931 292,6999
15 SpineMid 364,5003 198,4647
15 Neck 340,3934 111,7733
15 Head 318,5464 74,29136
15 ShoulderLeft 315,2975 168,4629
15 ElbowLeft 292,1808 135,8242
15 WristLeft 288,2901 78,53565
15 HandLeft 286,7307 56,66365
15 ShoulderRight 392,2061 139,4132
15 ElbowRight 350,1032 205,6081
15 WristRight 302,4017 244,6099
15 HandRight 285,52 262,8082
15 HipLeft 371,6781 299,2374
15 KneeLeft 350,644 437,5129
15 AnkleLeft 305,9027 455,6534
15 FootLeft 274,7329 477,9112
15 HipRight 412,7749 285,4574
15 KneeRight 480,0026 438,0824
15 AnkleRight 0 0
15 FootRight 0 0
15 SpineShoulder 346,2313 132,8123
15 HandTipLeft 284,2256 65,04824
15 ThumbLeft 286,356 46,87621
15 HandTipRight 285,6607 263,8901
15 ThumbRight 286,6037 263,3425
16 SpineBase 390,6735 292,6975
16 SpineMid 364,453 198,4886
16 Neck 340,3539 111,8393
16 Head 318,5086 74,3373
16 ShoulderLeft 314,9501 168,3838
16 ElbowLeft 292,0586 135,5887
16 WristLeft 288,3824 78,13743
16 HandLeft 286,9055 56,21647
16 ShoulderRight 392,1638 139,3817
16 ElbowRight 357,439 195,1258
16 WristRight 314,5364 240,0343
16 HandRight 317,0844 247,8961
16 HipLeft 371,6255 299,2519
16 KneeLeft 350,491 437,5922
16 AnkleLeft 305,9019 455,419
16 FootLeft 274,8052 477,6108
16 HipRight 412,7605 285,4447
16 KneeRight 479,9531 438,0615
16 AnkleRight 0 0
16 FootRight 0 0
16 SpineShoulder 346,187 132,8682
16 HandTipLeft 284,3977 64,60837
16 ThumbLeft 286,3777 46,82029
16 HandTipRight 325,2827 279,9352
16 ThumbRight 322,7678 266,7376
17 SpineBase 390,6732 292,6939
17 SpineMid 364,4312 198,5372
17 Neck 340,319 112,0231
17 Head 318,5222 74,51263
17 ShoulderLeft 314,7272 168,3591
17 ElbowLeft 291,9406 135,3576
17 WristLeft 288,4832 77,6587
17 HandLeft 287,0897 55,64686
17 ShoulderRight 392,1329 139,3934
17 ElbowRight 350,4173 205,9207
17 WristRight 301,4128 243,3856
17 HandRight 284,3823 261,4218
17 HipLeft 371,5891 299,2588
17 KneeLeft 350,46 437,6041
17 AnkleLeft 305,884 455,4326
17 FootLeft 274,7842 477,6459
17 HipRight 412,7927 285,411
17 KneeRight 479,394 438,2235
17 AnkleRight 0 0
17 FootRight 0 0
17 SpineShoulder 346,1532 133,0133
17 HandTipLeft 284,5784 64,05058
17 ThumbLeft 286,4546 46,59449
17 HandTipRight 291,9754 294,9985
17 ThumbRight 287,5803 282,104
18 SpineBase 390,6419 292,7257
18 SpineMid 364,3533 198,667
18 Neck 340,242 112,2914
18 Head 318,4862 74,80887
18 ShoulderLeft 314,8683 168,4868
18 ElbowLeft 291,961 135,5005
18 WristLeft 288,4784 77,78658
18 HandLeft 287,0746 55,75667
18 ShoulderRight 392,1003 139,4249
18 ElbowRight 350,3444 206,0573
18 WristRight 301,0489 243,3052
18 HandRight 284,205 261,5196
18 HipLeft 371,5556 299,3082
18 KneeLeft 350,3059 437,6432
18 AnkleLeft 305,7491 455,4495
18 FootLeft 274,6069 477,6013
18 HipRight 412,7447 285,4419
18 KneeRight 479,0888 438,3266
18 AnkleRight 0 0
18 FootRight 0 0
18 SpineShoulder 346,0715 133,2441
18 HandTipLeft 284,5632 64,15933
18 ThumbLeft 286,4418 46,64745
18 HandTipRight 291,7945 295,1049
18 ThumbRight 287,5697 282,11
19 SpineBase 390,6378 292,7428
19 SpineMid 364,3349 198,6927
19 Neck 340,2188 112,3186
19 Head 318,4088 74,8532
19 ShoulderLeft 314,9792 168,5917
19 ElbowLeft 292,0493 135,7047
19 WristLeft 288,3654 78,24195
19 HandLeft 286,8844 56,29772
19 ShoulderRight 392,0729 139,4492
19 ElbowRight 350,3233 205,3488
19 WristRight 301,6506 244,7088
19 HandRight 284,8174 262,3414
19 HipLeft 371,548 299,3506
19 KneeLeft 350,1481 437,5676
19 AnkleLeft 305,7627 455,5094
19 FootLeft 274,6442 477,6544
19 HipRight 412,7352 285,4612
19 KneeRight 479,0426 438,2528
19 AnkleRight 0 0
19 FootRight 0 0
19 SpineShoulder 346,0486 133,2716
19 HandTipLeft 284,3764 64,69022
19 ThumbLeft 286,3737 46,83263
19 HandTipRight 292,0691 295,2118
19 ThumbRight 287,983 282,7111
20 SpineBase 390,6415 292,7686
20 SpineMid 364,3098 198,7267
20 Neck 340,1624 112,3531
20 Head 318,2321 74,972
20 ShoulderLeft 314,3759 169,2392
20 ElbowLeft 291,9946 135,4376
20 WristLeft 288,3545 77,84397
20 HandLeft 286,8896 55,84209
20 ShoulderRight 392,0352 139,4629
20 ElbowRight 349,8564 206,1001
20 WristRight 301,8301 243,2278
20 HandRight 284,833 261,5724
20 HipLeft 371,5208 299,4321
20 KneeLeft 350,058 437,6667
20 AnkleLeft 305,8672 455,5078
20 FootLeft 274,7971 477,696
20 HipRight 412,7512 285,4674
20 KneeRight 479,0121 438,2819
20 AnkleRight 0 0
20 FootRight 0 0
20 SpineShoulder 345,9999 133,3064
20 HandTipLeft 284,3806 64,24414
20 ThumbLeft 286,3911 46,69715
20 HandTipRight 292,5073 295,4511
20 ThumbRight 288,1021 282,4604
21 SpineBase 390,536 292,9276
21 SpineMid 364,2521 198,7887
21 Neck 340,1113 112,4652
21 Head 318,1448 75,09742
21 ShoulderLeft 314,4863 169,1448
21 ElbowLeft 291,8889 135,4277
21 WristLeft 286,7788 76,67073
21 HandLeft 284,7678 54,38645
21 ShoulderRight 391,9973 139,4566
21 ElbowRight 349,7658 206,1732
21 WristRight 301,6373 243,4059
21 HandRight 284,4236 261,5314
21 HipLeft 371,4957 299,557
21 KneeLeft 349,9656 437,9664
21 AnkleLeft 305,9294 455,0294
21 FootLeft 274,8107 476,9654
21 HipRight 412,5162 285,6625
21 KneeRight 479,464 438,2908
21 AnkleRight 0 0
21 FootRight 0 0
21 SpineShoulder 345,9446 133,3976
21 HandTipLeft 282,6803 63,21618
21 ThumbLeft 284,4045 44,67852
21 HandTipRight 292,083 295,3939
21 ThumbRight 287,6566 282,4062
22 SpineBase 390,5282 292,9348
22 SpineMid 364,2063 198,8362
22 Neck 340,0513 112,5657
22 Head 318,0423 75,23746
22 ShoulderLeft 314,6223 169,2763
22 ElbowLeft 291,9166 135,4971
22 WristLeft 285,9665 76,30796
22 HandLeft 283,6442 53,92396
22 ShoulderRight 391,9628 139,4557
22 ElbowRight 349,7609 206,3182
22 WristRight 301,0897 243,0939
22 HandRight 283,6713 261,0131
22 HipLeft 371,4846 299,5885
22 KneeLeft 349,9367 437,9791
22 AnkleLeft 306,376 454,9849
22 FootLeft 275,2917 476,9006
22 HipRight 412,4941 285,6603
22 KneeRight 478,9584 438,4389
22 AnkleRight 0 0
22 FootRight 0 0
22 SpineShoulder 345,8859 133,4844
22 HandTipLeft 281,5602 62,58794
22 ThumbLeft 283,2881 44,2519
22 HandTipRight 291,3073 294,8493
22 ThumbRight 286,9863 281,9196
23 SpineBase 390,4075 292,9903
23 SpineMid 364,0771 198,9192
23 Neck 339,9656 112,6585
23 Head 317,9558 75,33162
23 ShoulderLeft 314,7888 169,2946
23 ElbowLeft 291,8182 135,5584
23 WristLeft 286,5053 76,66393
23 HandLeft 284,4175 54,32551
23 ShoulderRight 391,9365 139,4634
23 ElbowRight 349,7164 206,4151
23 WristRight 300,6812 242,9112
23 HandRight 283,11 260,6719
23 HipLeft 371,3924 299,6463
23 KneeLeft 349,9096 438,021
23 AnkleLeft 306,2668 455,0423
23 FootLeft 275,1174 476,9345
23 HipRight 412,3259 285,7148
23 KneeRight 479,0503 438,3788
23 AnkleRight 0 0
23 FootRight 0 0
23 SpineShoulder 345,788 133,5761
23 HandTipLeft 281,9995 62,72561
23 ThumbLeft 284,381 44,96547
23 HandTipRight 290,7287 294,4898
23 ThumbRight 286,5339 281,6393
24 SpineBase 390,3904 293,1502
24 SpineMid 364,0211 199,0361
24 Neck 339,8951 112,7245
24 Head 317,8008 75,44913
24 ShoulderLeft 314,2894 169,5353
24 ElbowLeft 293,4525 133,3475
24 WristLeft 283,2364 76,48682
24 HandLeft 279,2364 54,6116
24 ShoulderRight 391,9061 139,4572
24 ElbowRight 350,4929 205,2574
24 WristRight 301,1651 244,1835
24 HandRight 283,6732 261,2325
24 HipLeft 371,2378 299,9453
24 KneeLeft 349,9786 437,9907
24 AnkleLeft 306,4121 454,9084
24 FootLeft 275,3262 476,8294
24 HipRight 412,3889 285,8142
24 KneeRight 478,7386 438,5843
24 AnkleRight 0 0
24 FootRight 0 0
24 SpineShoulder 345,7207 133,6538
24 HandTipLeft 276,8208 63,06483
24 ThumbLeft 278,9111 44,78975
24 HandTipRight 291,2819 294,554
24 ThumbRight 286,7544 281,563
25 SpineBase 389,7618 293,3551
25 SpineMid 363,7454 199,1746
25 Neck 339,835 112,8204
25 Head 317,7532 75,54032
25 ShoulderLeft 314,2545 169,5389
25 ElbowLeft 293,6796 132,9047
25 WristLeft 283,1232 76,20472
25 HandLeft 278,9833 54,34242
25 ShoulderRight 391,8567 139,4542
25 ElbowRight 350,6718 206,9962
25 WristRight 298,6548 240,4811
25 HandRight 281,1712 258,1183
25 HipLeft 370,7878 300,0287
25 KneeLeft 350,3462 438,182
25 AnkleLeft 306,1063 454,9308
25 FootLeft 274,8655 476,7586
25 HipRight 411,5858 286,1402
25 KneeRight 479,6308 438,2332
25 AnkleRight 0 0
25 FootRight 0 0
25 SpineShoulder 345,62 133,7574
25 HandTipLeft 276,5666 62,81665
25 ThumbLeft 278,6596 44,50216
25 HandTipRight 288,6898 291,6565
25 ThumbRight 284,1093 278,5614
26 SpineBase 389,7669 293,3531
26 SpineMid 363,7311 199,1832
26 Neck 339,7982 112,8498
26 Head 317,6297 75,61549
26 ShoulderLeft 314,4431 169,5611
26 ElbowLeft 292,656 133,6394
26 WristLeft 285,3881 76,65621
26 HandLeft 282,5207 54,73641
26 ShoulderRight 391,8137 139,4474
26 ElbowRight 349,8375 205,4437
26 WristRight 300,7278 244,8979
26 HandRight 283,8265 262,4689
26 HipLeft 370,8002 300,0323
26 KneeLeft 350,311 438,0928
26 AnkleLeft 306,2354 454,8709
26 FootLeft 274,9955 476,6741
26 HipRight 411,5972 286,1244
26 KneeRight 479,269 438,2668
26 AnkleRight 0 0
26 FootRight 0 0
26 SpineShoulder 345,5878 133,7815
26 HandTipLeft 280,0632 63,17921
26 ThumbLeft 281,9102 45,0356
26 HandTipRight 290,9962 294,8891
26 ThumbRight 286,9118 282,8559
27 SpineBase 389,8101 293,3427
27 SpineMid 363,7278 199,1804
27 Neck 339,7488 112,8577
27 Head 317,4892 75,67889
27 ShoulderLeft 314,231 169,435
27 ElbowLeft 292,9563 132,8518
27 WristLeft 284,7973 76,10298
27 HandLeft 281,5777 54,205
27 ShoulderRight 391,7736 139,4458
27 ElbowRight 349,617 206,3852
27 WristRight 299,5613 242,9768
27 HandRight 282,4044 260,9794
27 HipLeft 370,8033 300,0462
27 KneeLeft 350,2426 438,1746
27 AnkleLeft 306,2479 454,8625
27 FootLeft 275,0357 476,6746
27 HipRight 411,7563 286,0436
27 KneeRight 478,9092 438,4015
27 AnkleRight 0 0
27 FootRight 0 0
27 SpineShoulder 345,5526 133,7843
27 HandTipLeft 279,1252 62,68372
27 ThumbLeft 281,4097 44,60443
27 HandTipRight 289,962 294,6265
27 ThumbRight 285,4466 281,6787
28 SpineBase 389,7651 293,3884
28 SpineMid 363,6703 199,2211
28 Neck 339,7093 112,8825
28 Head 317,4014 75,73022
28 ShoulderLeft 314,1776 169,4054
28 ElbowLeft 292,185 133,1453
28 WristLeft 286,2949 76,29346
28 HandLeft 283,9528 54,38926
28 ShoulderRight 391,7451 139,4417
28 ElbowRight 349,8598 204,9232
28 WristRight 301,2167 244,9404
28 HandRight 283,5658 261,8598
28 HipLeft 370,7308 300,1041
28 KneeLeft 350,2956 438,1602
28 AnkleLeft 306,2029 454,8577
28 FootLeft 274,9927 476,6633
28 HipRight 411,7303 286,0764
28 KneeRight 478,5134 438,4807
28 AnkleRight 0 0
28 FootRight 0 0
28 SpineShoulder 345,5068 133,8137
28 HandTipLeft 281,4721 62,85106
28 ThumbLeft 283,1057 44,69164
28 HandTipRight 290,6375 294,5494
28 ThumbRight 286,6376 282,2422
29 SpineBase 389,6183 293,4226
29 SpineMid 363,5937 199,2289
29 Neck 339,6889 112,8776
29 Head 317,255 75,79198
29 ShoulderLeft 314,0539 169,3602
29 ElbowLeft 291,7818 133,1226
29 WristLeft 285,2994 74,61141
29 HandLeft 282,7546 52,29144
29 ShoulderRight 391,7157 139,4381
29 ElbowRight 349,76 206,5872
29 WristRight 298,8688 241,5934
29 HandRight 280,904 258,8741
29 HipLeft 370,5686 300,1303
29 KneeLeft 350,474 438,2672
29 AnkleLeft 306,1576 454,8273
29 FootLeft 274,8968 476,608
29 HipRight 411,6027 286,1094
29 KneeRight 478,662 438,4093
29 AnkleRight 0 0
29 FootRight 0 0
29 SpineShoulder 345,4744 133,8115
29 HandTipLeft 280,1852 61,16003
29 ThumbLeft 282,4034 42,57204
29 HandTipRight 288,4365 292,5295
29 ThumbRight 283,8291 279,4418
30 SpineBase 389,6546 293,4026
30 SpineMid 363,5904 199,2196
30 Neck 339,6504 112,8773
30 Head 317,1422 75,83759
30 ShoulderLeft 314,0198 169,3335
30 ElbowLeft 291,4117 133,1397
30 WristLeft 286,6906 74,87895
30 HandLeft 284,8122 52,60382
30 ShoulderRight 391,6924 139,4296
30 ElbowRight 349,7216 206,6726
30 WristRight 298,4482 241,3694
30 HandRight 280,4709 258,6176
30 HipLeft 370,585 300,1274
30 KneeLeft 350,4658 438,2793
30 AnkleLeft 306,1271 454,6183
30 FootLeft 274,8533 476,3328
30 HipRight 411,6771 286,0452
30 KneeRight 478,1041 438,615
30 AnkleRight 0 0
30 FootRight 0 0
30 SpineShoulder 345,4458 133,8057
30 HandTipLeft 282,3365 61,03007
30 ThumbLeft 284,0767 43,1034
30 HandTipRight 287,9865 292,2434
30 ThumbRight 283,3576 279,1496
31 SpineBase 389,6152 293,5368
31 SpineMid 363,5594 199,2403
31 Neck 339,6154 112,9127
31 Head 317,066 75,90345
31 ShoulderLeft 313,7577 169,6072
31 ElbowLeft 291,1276 133,063
31 WristLeft 287,5973 74,91493
31 HandLeft 286,1717 52,65824
31 ShoulderRight 391,6719 139,4186
31 ElbowRight 349,7309 206,7713
31 WristRight 298,1342 241,1707
31 HandRight 279,5573 257,8059
31 HipLeft 370,5821 300,2343
31 KneeLeft 350,4262 438,5505
31 AnkleLeft 306,1503 454,465
31 FootLeft 274,8745 476,0544
31 HipRight 411,593 286,1891
31 KneeRight 477,6438 439,0593
31 AnkleRight 0 0
31 FootRight 0 0
31 SpineShoulder 345,4142 133,8301
31 HandTipLeft 283,6748 61,09423
31 ThumbLeft 285,7974 42,90179
31 HandTipRight 287,051 291,4218
31 ThumbRight 282,3694 278,2787
32 SpineBase 389,6738 293,5394
32 SpineMid 363,5681 199,2424
32 Neck 339,6049 112,9192
32 Head 317,0141 75,92411
32 ShoulderLeft 313,5896 169,9606
32 ElbowLeft 292,6223 131,8559
32 WristLeft 284,1484 75,06798
32 HandLeft 280,8 53,10571
32 ShoulderRight 391,6499 139,4133
32 ElbowRight 349,5965 206,8113
32 WristRight 297,9144 241,2682
32 HandRight 278,9686 257,503
32 HipLeft 370,6108 300,2677
32 KneeLeft 350,4183 438,575
32 AnkleLeft 306,1952 454,4534
32 FootLeft 274,9128 476,0664
32 HipRight 411,7394 286,1301
32 KneeRight 477,1519 439,2842
32 AnkleRight 0 0
32 FootRight 0 0
32 SpineShoulder 345,4086 133,8354
32 HandTipLeft 278,3547 61,61251
32 ThumbLeft 280,463 43,25629
32 HandTipRight 286,4485 291,1203
32 ThumbRight 281,7328 277,9569
33 SpineBase 389,9016 293,5826
33 SpineMid 363,5804 199,24
33 Neck 339,5865 112,9365
33 Head 317,0048 75,94171
33 ShoulderLeft 313,4618 170,0294
33 ElbowLeft 292,8641 131,4918
33 WristLeft 281,527 74,1018
33 HandLeft 277,0889 51,98458
33 ShoulderRight 391,6325 139,4136
33 ElbowRight 349,5018 206,8953
33 WristRight 297,637 241,3151
33 HandRight 280,0153 258,93
33 HipLeft 370,7756 300,3555
33 KneeLeft 350,2181 438,8353
33 AnkleLeft 306,246 454,3356
33 FootLeft 274,9789 475,8282
33 HipRight 412,0655 286,0717
33 KneeRight 476,7692 439,6339
33 AnkleRight 0 0
33 FootRight 0 0
33 SpineShoulder 345,4011 133,8409
33 HandTipLeft 274,7013 60,47776
33 ThumbLeft 276,7763 42,17602
33 HandTipRight 287,5176 292,5628
33 ThumbRight 283,4549 279,5787
34 SpineBase 389,5099 294,1014
34 SpineMid 363,4274 199,4069
34 Neck 339,553 112,9845
34 Head 316,9159 76,03096
34 ShoulderLeft 313,5035 170,0421
34 ElbowLeft 292,1018 132,0485
34 WristLeft 285,0012 74,91831
34 HandLeft 282,1839 52,83219
34 ShoulderRight 391,6185 139,417
34 ElbowRight 349,4366 206,9757
34 WristRight 297,2936 241,1848
34 HandRight 278,6819 257,7896
34 HipLeft 370,5258 300,687
34 KneeLeft 350,3516 439,3807
34 AnkleLeft 306,2834 454,0193
34 FootLeft 274,9341 475,2326
34 HipRight 411,4801 286,8452
34 KneeRight 478,2536 439,8428
34 AnkleRight 0 0
34 FootRight 0 0
34 SpineShoulder 345,3466 133,9042
34 HandTipLeft 279,7195 61,34356
34 ThumbLeft 281,5841 43,0621
34 HandTipRight 286,1505 291,4016
34 ThumbRight 281,9135 278,5371
35 SpineBase 389,6649 294,0743
35 SpineMid 363,4372 199,4033
35 Neck 339,5367 112,9983
35 Head 316,8929 76,05042
35 ShoulderLeft 313,4701 170,1934
35 ElbowLeft 292,761 131,6403
35 WristLeft 285,4747 74,93948
35 HandLeft 282,5764 52,94702
35 ShoulderRight 391,6031 139,4147
35 ElbowRight 349,314 207,0156
35 WristRight 297,1646 241,5157
35 HandRight 278,0861 257,5886
35 HipLeft 370,6887 300,7459
35 KneeLeft 350,2922 439,6611
35 AnkleLeft 306,3037 453,8811
35 FootLeft 274,9254 474,9917
35 HipRight 411,6366 286,7253
35 KneeRight 477,8887 439,9677
35 AnkleRight 0 0
35 FootRight 0 0
35 SpineShoulder 345,3393 133,9094
35 HandTipLeft 280,0997 61,48249
35 ThumbLeft 282,227 43,06781
35 HandTipRight 285,5365 291,1868
35 ThumbRight 281,1814 278,2454
36 SpineBase 389,9034 294,0376
36 SpineMid 363,468 199,3976
36 Neck 339,5276 113,018
36 Head 316,8757 76,0795
36 ShoulderLeft 313,5076 170,181
36 ElbowLeft 293,0514 131,4513
36 WristLeft 285,0095 74,77972
36 HandLeft 281,8157 52,77799
36 ShoulderRight 391,5894 139,4222
36 ElbowRight 349,2695 207,1327
36 WristRight 296,8865 241,4188
36 HandRight 279,0776 258,8686
36 HipLeft 370,9634 300,7697
36 KneeLeft 349,9791 439,8392
36 AnkleLeft 306,4211 453,9329
36 FootLeft 275,067 475,0153
36 HipRight 411,8487 286,6169
36 KneeRight 476,7425 440,474
36 AnkleRight 0 0
36 FootRight 0 0
36 SpineShoulder 345,3376 133,9166
36 HandTipLeft 279,3474 61,32323
36 ThumbLeft 281,4229 42,94204
36 HandTipRight 286,5551 292,5047
36 ThumbRight 282,6671 279,3628
37 SpineBase 389,707 294,1138
37 SpineMid 363,3923 199,4497
37 Neck 339,508 113,0719
37 Head 316,8152 76,16607
37 ShoulderLeft 313,533 170,1796
37 ElbowLeft 293,2363 131,2886
37 WristLeft 281,3983 73,62421
37 HandLeft 276,7623 51,37622
37 ShoulderRight 391,5744 139,4205
37 ElbowRight 349,2068 207,2278
37 WristRight 296,6163 241,3711
37 HandRight 278,7318 258,7426
37 HipLeft 370,8669 300,7982
37 KneeLeft 350,0797 439,9643
37 AnkleLeft 306,745 453,6864
37 FootLeft 275,4106 474,6493
37 HipRight 411,4784 286,7753
37 KneeRight 477,3002 440,2947
37 AnkleRight 0 0
37 FootRight 0 0
37 SpineShoulder 345,3027 133,9697
37 HandTipLeft 274,3764 59,88802
37 ThumbLeft 276,4514 41,55994
37 HandTipRight 286,1993 292,3732
37 ThumbRight 282,377 279,3033
38 SpineBase 389,733 294,1136
38 SpineMid 363,3932 199,4522
38 Neck 339,4933 113,1007
38 Head 316,7845 76,2133
38 ShoulderLeft 313,5341 170,1848
38 ElbowLeft 293,4532 131,1237
38 WristLeft 281,7578 74,36008
38 HandLeft 277,1474 52,3197
38 ShoulderRight 391,5635 139,419
38 ElbowRight 349,0852 207,2874
38 WristRight 296,5133 241,6961
38 HandRight 278,29 258,6901
38 HipLeft 370,9095 300,8105
38 KneeLeft 349,9974 440,0647
38 AnkleLeft 306,7641 453,7241
38 FootLeft 275,4373 474,6691
38 HipRight 411,4948 286,7619
38 KneeRight 477,274 440,3198
38 AnkleRight 0 0
38 FootRight 0 0
38 SpineShoulder 345,2923 133,9883
38 HandTipLeft 274,7421 60,87275
38 ThumbLeft 276,8349 42,4337
38 HandTipRight 285,7396 292,2936
38 ThumbRight 281,9581 279,2592
39 SpineBase 389,8093 294,0413
39 SpineMid 363,4084 199,4469
39 Neck 339,4876 113,1288
39 Head 316,7891 76,2328
39 ShoulderLeft 313,5234 170,1837
39 ElbowLeft 292,8059 131,5163
39 WristLeft 284,082 74,10823
39 HandLeft 280,6302 51,86345
39 ShoulderRight 391,5518 139,4183
39 ElbowRight 349,0238 207,3564
39 WristRight 296,2985 241,6508
39 HandRight 277,7883 258,326
39 HipLeft 370,9297 300,7852
39 KneeLeft 349,999 440,0265
39 AnkleLeft 306,7554 453,7256
39 FootLeft 275,4259 474,6919
39 HipRight 411,6831 286,5984
39 KneeRight 476,7317 440,4518
39 AnkleRight 0 0
39 FootRight 0 0
39 SpineShoulder 345,2908 134,0074
39 HandTipLeft 278,1809 60,41046
39 ThumbLeft 279,8259 42,32576
39 HandTipRight 285,2233 291,9156
39 ThumbRight 281,2815 278,9714
40 SpineBase 389,9815 294,0604
40 SpineMid 363,4422 199,4576
40 Neck 339,4851 113,1537
40 Head 316,7897 76,26005
40 ShoulderLeft 313,4573 170,4717
40 ElbowLeft 293,3099 131,2761
40 WristLeft 280,4273 73,65955
40 HandLeft 275,3798 51,3898
40 ShoulderRight 391,545 139,4197
40 ElbowRight 349,0984 207,5187
40 WristRight 295,9225 241,3126
40 HandRight 278,7124 259,291
40 HipLeft 371,0725 300,8608
40 KneeLeft 349,8337 440,1995
40 AnkleLeft 306,6287 453,5493
40 FootLeft 275,2816 474,4151
40 HipRight 411,9039 286,5412
40 KneeRight 476,3205 440,7391
40 AnkleRight 0 0
40 FootRight 0 0
40 SpineShoulder 345,2925 134,0219
40 HandTipLeft 273,0082 59,9182
40 ThumbLeft 275,0784 41,55384
40 HandTipRight 286,1695 292,8951
40 ThumbRight 282,3516 279,5097
41 SpineBase 390,0621 294,0258
41 SpineMid 363,459 199,4555
41 Neck 339,4829 113,1729
41 Head 316,7852 76,28538
41 ShoulderLeft 313,4669 170,4812
41 ElbowLeft 293,4975 131,1458
41 WristLeft 279,6806 73,62008
41 HandLeft 274,2692 51,37145
41 ShoulderRight 391,5348 139,4195
41 ElbowRight 349,0413 207,6056
41 WristRight 295,7381 241,3585
41 HandRight 279,0402 259,7926
41 HipLeft 371,1277 300,8578
41 KneeLeft 349,8173 440,2393
41 AnkleLeft 306,6166 453,4968
41 FootLeft 275,262 474,3383
41 HipRight 412,0188 286,4566
41 KneeRight 476,1529 440,7799
41 AnkleRight 0 0
41 FootRight 0 0
41 SpineShoulder 345,2942 134,0334
41 HandTipLeft 271,9111 59,90583
41 ThumbLeft 273,9753 41,52893
41 HandTipRight 286,5043 293,4032
41 ThumbRight 282,4928 279,7168
42 SpineBase 390,1089 294,0415
42 SpineMid 363,4715 199,461
42 Neck 339,4824 113,1839
42 Head 316,8034 76,28419
42 ShoulderLeft 313,4724 170,4811
42 ElbowLeft 293,7875 131,0101
42 WristLeft 278,2039 73,56949
42 HandLeft 272,1122 51,35982
42 ShoulderRight 391,5244 139,4388
42 ElbowRight 348,9799 207,7001
42 WristRight 295,4767 241,3459
42 HandRight 279,1442 260,0954
42 HipLeft 371,1871 300,9033
42 KneeLeft 349,7929 440,3869
42 AnkleLeft 306,6399 453,3366
42 FootLeft 275,2776 474,0947
42 HipRight 412,0504 286,4534
42 KneeRight 476,1386 440,8383
42 AnkleRight 0 0
42 FootRight 0 0
42 SpineShoulder 345,2949 134,0404
42 HandTipLeft 269,7834 59,89385
42 ThumbLeft 271,8331 41,51778
42 HandTipRight 286,6102 293,7111
42 ThumbRight 282,4883 279,9073
43 SpineBase 390,1759 294,0712
43 SpineMid 363,489 199,4755
43 Neck 339,4836 113,2243
43 Head 316,835 76,31271
43 ShoulderLeft 313,4275 170,53
43 ElbowLeft 293,0735 131,358
43 WristLeft 280,2799 72,7308
43 HandLeft 275,2872 50,16354
43 ShoulderRight 391,5177 139,4473
43 ElbowRight 348,7869 207,6803
43 WristRight 295,5113 241,8136
43 HandRight 278,4391 259,8765
43 HipLeft 371,2582 300,9597
43 KneeLeft 349,7097 440,5136
43 AnkleLeft 306,6933 453,2549
43 FootLeft 275,3443 473,9574
43 HipRight 412,114 286,456
43 KneeRight 475,9828 440,9928
43 AnkleRight 0 0
43 FootRight 0 0
43 SpineShoulder 345,2982 134,0684
43 HandTipLeft 272,9624 58,8159
43 ThumbLeft 275,1731 40,78717
43 HandTipRight 285,8828 293,4726
43 ThumbRight 281,9833 279,9254
44 SpineBase 390,1791 294,0838
44 SpineMid 363,4908 199,481
44 Neck 339,4825 113,2345
44 Head 316,8521 76,30759
44 ShoulderLeft 313,3906 170,5737
44 ElbowLeft 293,4459 131,0726
44 WristLeft 278,7397 72,75167
44 HandLeft 273,0053 50,27576
44 ShoulderRight 391,5124 139,4497
44 ElbowRight 348,7155 207,7346
44 WristRight 295,3654 241,9178
44 HandRight 277,9295 259,6262
44 HipLeft 371,2627 300,9771
44 KneeLeft 349,7362 440,5663
44 AnkleLeft 306,5739 453,2031
44 FootLeft 275,1942 473,8792
44 HipRight 412,1154 286,4643
44 KneeRight 475,7803 441,1097
44 AnkleRight 0 0
44 FootRight 0 0
44 SpineShoulder 345,297 134,0777
44 HandTipLeft 270,6703 58,80196
44 ThumbLeft 272,8064 40,5095
44 HandTipRight 285,3579 293,2094
44 ThumbRight 281,4821 279,867
45 SpineBase 389,9396 294,2274
45 SpineMid 363,4445 199,5175
45 Neck 339,4872 113,2426
45 Head 316,8432 76,32129
45 ShoulderLeft 313,3653 170,5544
45 ElbowLeft 292,7758 131,3903
45 WristLeft 283,5814 72,61016
45 HandLeft 279,9629 49,93085
45 ShoulderRight 391,5019 139,465
45 ElbowRight 348,6666 207,7954
45 WristRight 295,1682 241,8683
45 HandRight 278,5386 260,3192
45 HipLeft 371,1042 301,0513
45 KneeLeft 349,9093 440,7417
45 AnkleLeft 306,669 453,0151
45 FootLeft 275,265 473,5754
45 HipRight 411,7617 286,7084
45 KneeRight 476,3862 441,0547
45 AnkleRight 0 0
45 FootRight 0 0
45 SpineShoulder 345,293 134,0891
45 HandTipLeft 277,53 58,47708
45 ThumbLeft 279,629 40,10818
45 HandTipRight 285,9828 293,9198
45 ThumbRight 281,9354 280,2404
