1 SpineBase 377,9012 421,4333
1 SpineMid 343,0015 321,1987
1 Neck 315,7179 242,7428
1 Head 296,6615 221,2031
1 ShoulderLeft 289,334 282,5327
1 ElbowLeft 291,2714 293,2267
1 WristLeft 316,2397 309,4469
1 HandLeft 308,7998 308,002
1 ShoulderRight 350,8106 263,0521
1 ElbowRight 326,555 294,0751
1 WristRight 272,8428 303,2371
1 HandRight 271,5946 302,6353
1 HipLeft 357,5631 431,5653
1 KneeLeft 264,8342 399,052
1 AnkleLeft 33,53636 320,6
1 FootLeft 0 0
1 HipRight 398,2599 411,6064
1 KneeRight 288,589 415,3668
1 AnkleRight 91,60041 423,3618
1 FootRight 0 0
1 SpineShoulder 321,9446 260,7531
1 HandTipLeft 306,4758 310,6972
1 ThumbLeft 317,4981 305,9075
1 HandTipRight 225,1556 327,7888
1 ThumbRight 268,2363 294,1519
2 SpineBase 377,9004 421,4286
2 SpineMid 343,0053 321,1967
2 Neck 315,7287 242,7411
2 Head 296,6758 221,187
2 ShoulderLeft 289,3343 282,5331
2 ElbowLeft 291,3728 293,1953
2 WristLeft 316,4966 309,3519
2 HandLeft 308,4849 307,6166
2 ShoulderRight 350,8082 263,0166
2 ElbowRight 326,6789 294,0753
2 WristRight 272,9669 303,2401
2 HandRight 295,5141 303,8613
2 HipLeft 357,5612 431,567
2 KneeLeft 264,7717 399,1575
2 AnkleLeft 33,22273 320,9292
2 FootLeft 0 0
2 HipRight 398,2589 411,5723
2 KneeRight 288,6507 415,3593
2 AnkleRight 91,75231 423,401
2 FootRight 0 0
2 SpineShoulder 321,9546 260,7508
2 HandTipLeft 304,7345 309,9941
2 ThumbLeft 317,1428 304,0387
2 HandTipRight 270,9631 301,6411
2 ThumbRight 313,2942 311,5879
3 SpineBase 377,8946 421,4638
3 SpineMid 343,0064 321,1988
3 Neck 315,7328 242,7312
3 Head 296,6775 221,18
3 ShoulderLeft 289,3333 282,5314
3 ElbowLeft 291,3797 293,2029
3 WristLeft 316,523 309,3716
3 HandLeft 306,88 308,7911
3 ShoulderRight 350,8172 263,016
3 ElbowRight 326,7891 294,0623
3 WristRight 273,1017 303,2463
3 HandRight 295,2435 303,7952
3 HipLeft 357,5427 431,6024
3 KneeLeft 264,7736 399,1771
3 AnkleLeft 33,25233 320,9021
3 FootLeft 0 0
3 HipRight 398,2757 411,6184
3 KneeRight 288,6911 415,354
3 AnkleRight 91,87175 423,302
3 FootRight -6,054907 440,0283
3 SpineShoulder 321,9578 260,7453
3 HandTipLeft 301,8396 309,288
3 ThumbLeft 317,1607 307,2004
3 HandTipRight 270,5614 300,0313
3 ThumbRight 313,3365 311,3377
4 SpineBase 377,8872 421,4486
4 SpineMid 343,0079 321,1956
4 Neck 315,7374 242,7274
4 Head 296,6766 221,1784
4 ShoulderLeft 289,3332 282,5316
4 ElbowLeft 291,3709 293,1381
4 WristLeft 316,5327 309,2484
4 HandLeft 309,0732 307,9442
4 ShoulderRight 350,8285 263,0175
4 ElbowRight 326,6906 294,0688
4 WristRight 272,9903 303,285
4 HandRight 295,5538 304,027
4 HipLeft 357,5211 431,5993
4 KneeLeft 264,7311 398,9912
4 AnkleLeft 33,44662 320,3643
4 FootLeft 0 0
4 HipRight 398,2571 411,5391
4 KneeRight 288,9014 415,3404
4 AnkleRight 92,41706 423,4041
4 FootRight -5,382533 440,1525
4 SpineShoulder 321,9619 260,7417
4 HandTipLeft 311,0543 312,0896
4 ThumbLeft 317,3484 304,1711
4 HandTipRight 270,9659 301,6471
4 ThumbRight 313,2946 311,5845
5 SpineBase 377,8781 421,4383
5 SpineMid 343,0099 321,1936
5 Neck 315,7509 242,7245
5 Head 296,7202 221,2004
5 ShoulderLeft 289,3342 282,5322
5 ElbowLeft 291,3685 293,1357
5 WristLeft 316,5368 309,2467
5 HandLeft 308,1816 308,2619
5 ShoulderRight 350,83 263,0169
5 ElbowRight 326,6317 294,0897
5 WristRight 272,9836 304,0475
5 HandRight 295,4958 303,7201
5 HipLeft 357,5024 431,5885
5 KneeLeft 264,6939 398,877
5 AnkleLeft 33,55597 320,0614
5 FootLeft 0 0
5 HipRight 398,2441 411,5186
5 KneeRight 288,9459 415,3342
5 AnkleRight 92,5405 423,4233
5 FootRight -5,235027 440,174
5 SpineShoulder 321,9726 260,7386
5 HandTipLeft 310,4942 311,0235
5 ThumbLeft 317,9631 305,5701
5 HandTipRight 271,4246 301,8702
5 ThumbRight 313,2956 311,5246
6 SpineBase 377,8848 421,4809
6 SpineMid 343,014 321,2085
6 Neck 315,7514 242,7258
6 Head 296,7347 221,196
6 ShoulderLeft 289,3274 282,5395
6 ElbowLeft 291,3858 293,0521
6 WristLeft 316,587 309,02
6 HandLeft 307,7312 308,0406
6 ShoulderRight 350,8341 263,013
6 ElbowRight 326,5783 294,1024
6 WristRight 277,7779 309,8532
6 HandRight 296,5419 303,7838
6 HipLeft 357,494 431,6322
6 KneeLeft 264,8118 398,6498
6 AnkleLeft 34,18972 319,234
6 FootLeft 0 0
6 HipRight 398,2788 411,5731
6 KneeRight 288,9906 415,3296
6 AnkleRight 92,65839 423,3105
6 FootRight -5,066059 440,0378
6 SpineShoulder 321,9739 260,7415
6 HandTipLeft 307,8468 308,9062
6 ThumbLeft 317,1845 305,4213
6 HandTipRight 270,714 299,9132
6 ThumbRight 313,5853 311,2065
7 SpineBase 377,8797 421,4783
7 SpineMid 343,0141 321,2099
7 Neck 315,753 242,7309
7 Head 296,7441 221,1891
7 ShoulderLeft 289,3255 282,5424
7 ElbowLeft 291,356 293,0223
7 WristLeft 316,5403 308,9613
7 HandLeft 306,5234 308,6872
7 ShoulderRight 350,8431 263,0055
7 ElbowRight 326,5021 294,1286
7 WristRight 277,7321 309,9433
7 HandRight 296,6744 303,558
7 HipLeft 357,472 431,6447
7 KneeLeft 264,7676 398,5875
7 AnkleLeft 34,20288 319,0277
7 FootLeft 0 0
7 HipRight 398,2741 411,5564
7 KneeRight 289,1113 415,3212
7 AnkleRight 92,98101 423,3154
7 FootRight -4,662957 440,0446
7 SpineShoulder 321,9756 260,7455
7 HandTipLeft 313,1363 311,0109
7 ThumbLeft 317,7444 306,951
7 HandTipRight 271,0164 301,0899
7 ThumbRight 312,8942 291,2303
8 SpineBase 377,8728 421,5157
8 SpineMid 343,0179 321,2158
8 Neck 315,7635 242,726
8 Head 296,7473 221,1862
8 ShoulderLeft 289,3307 282,5373
8 ElbowLeft 291,3959 293,0101
8 WristLeft 316,6368 308,9538
8 HandLeft 309,0951 308,5766
8 ShoulderRight 350,8452 263,0046
8 ElbowRight 326,4217 294,1236
8 WristRight 277,7798 310,2848
8 HandRight 297,461 303,4419
8 HipLeft 357,4568 431,6797
8 KneeLeft 264,7959 398,5227
8 AnkleLeft 34,4175 318,744
8 FootLeft 0 0
8 HipRight 398,2841 411,6051
8 KneeRight 289,1262 415,3185
8 AnkleRight 93,03783 423,2194
8 FootRight -4,581862 439,9236
8 SpineShoulder 321,9839 260,7435
8 HandTipLeft 306,7886 309,9776
8 ThumbLeft 317,4437 305,7912
8 HandTipRight 271,0957 301,3131
8 ThumbRight 312,7883 291,1039
9 SpineBase 377,8594 421,4911
9 SpineMid 343,0173 321,2109
9 Neck 315,7653 242,7258
9 Head 296,7616 221,1738
9 ShoulderLeft 289,3304 282,5355
9 ElbowLeft 291,4085 293,0227
9 WristLeft 316,6683 308,9831
9 HandLeft 307,7041 308,5567
9 ShoulderRight 350,8496 263,0041
9 ElbowRight 326,4999 294,121
9 WristRight 273,0404 305,0142
9 HandRight 296,1432 303,9146
9 HipLeft 357,4262 431,6585
9 KneeLeft 264,69 398,4919
9 AnkleLeft 34,23794 318,7304
9 FootLeft 0 0
9 HipRight 398,2607 411,5337
9 KneeRight 289,2557 415,3088
9 AnkleRight 93,37424 423,3194
9 FootRight -4,177013 440,0486
9 SpineShoulder 321,9858 260,7425
9 HandTipLeft 304,694 309,9881
9 ThumbLeft 317,4491 306,8979
9 HandTipRight 271,8863 302,6954
9 ThumbRight 284,2644 291,1642
10 SpineBase 377,8437 421,4514
10 SpineMid 343,0187 321,2034
10 Neck 315,7707 242,7248
10 Head 296,7716 221,1521
10 ShoulderLeft 289,331 282,5352
10 ElbowLeft 291,4659 293,0085
10 WristLeft 316,7943 308,9327
10 HandLeft 309,0547 308,3229
10 ShoulderRight 350,8538 262,9878
10 ElbowRight 326,7414 294,0861
10 WristRight 277,0226 308,9929
10 HandRight 296,5586 304,1554
10 HipLeft 357,3893 431,6183
10 KneeLeft 264,565 398,4439
10 AnkleLeft 33,98674 318,698
10 FootLeft 0 0
10 HipRight 398,2338 411,4323
10 KneeRight 289,386 415,2985
10 AnkleRight 93,70132 423,4721
10 FootRight -3,78929 440,2379
10 SpineShoulder 321,9906 260,7403
10 HandTipLeft 304,6919 309,632
10 ThumbLeft 317,4269 305,9948
10 HandTipRight 271,8607 302,2454
10 ThumbRight 290,5592 289,7177
11 SpineBase 377,8403 421,4585
11 SpineMid 343,0186 321,2029
11 Neck 315,7723 242,721
11 Head 296,7771 221,1378
11 ShoulderLeft 289,3305 282,5341
11 ElbowLeft 291,4463 293,0023
11 WristLeft 316,7543 308,9111
11 HandLeft 308,8991 308,0716
11 ShoulderRight 350,8544 262,9799
11 ElbowRight 326,7687 294,0921
11 WristRight 272,2989 302,3933
11 HandRight 272,8839 302,6044
11 HipLeft 357,4322 431,5731
11 KneeLeft 264,819 398,5316
11 AnkleLeft 34,37586 318,9707
11 FootLeft 0 0
11 HipRight 398,2222 411,6297
11 KneeRight 288,712 415,3245
11 AnkleRight 91,99634 423,1993
11 FootRight -5,933507 439,92
11 SpineShoulder 321,9919 260,7374
11 HandTipLeft 307,8877 309,9749
11 ThumbLeft 317,6014 305,8907
11 HandTipRight 225,8873 328,8509
11 ThumbRight 267,3014 287,4913
12 SpineBase 377,8374 421,4493
12 SpineMid 343,0241 321,1982
12 Neck 315,7927 242,7124
12 Head 296,7903 221,1241
12 ShoulderLeft 289,3335 282,5336
12 ElbowLeft 291,4507 293,056
12 WristLeft 316,7816 309,0519
12 HandLeft 308,1372 309,0335
12 ShoulderRight 350,8599 262,9784
12 ElbowRight 326,8568 294,0792
12 WristRight 272,4001 302,2845
12 HandRight 271,593 302,6394
12 HipLeft 357,4207 431,5696
12 KneeLeft 264,7668 398,5026
12 AnkleLeft 34,2891 318,9027
12 FootLeft 0 0
12 HipRight 398,2202 411,5738
12 KneeRight 288,8364 415,3157
12 AnkleRight 92,30626 423,2738
12 FootRight -5,549953 440,0071
12 SpineShoulder 322,0092 260,7294
12 HandTipLeft 315,2037 309,9322
12 ThumbLeft 317,4857 308,3966
12 HandTipRight 225,147 327,7887
12 ThumbRight 226,3175 327,7726
13 SpineBase 377,8242 421,4312
13 SpineMid 343,0247 321,1861
13 Neck 315,8019 242,6935
13 Head 296,796 221,1161
13 ShoulderLeft 289,3333 282,5315
13 ElbowLeft 291,4755 293,0132
13 WristLeft 316,8359 308,9473
13 HandLeft 309,6599 308,782
13 ShoulderRight 350,8621 262,9773
13 ElbowRight 326,9113 294,0698
13 WristRight 272,4458 302,1635
13 HandRight 295,0746 304,0338
13 HipLeft 357,3716 431,5632
13 KneeLeft 264,6486 398,5881
13 AnkleLeft 33,85274 319,1672
13 FootLeft 0 0
13 HipRight 398,2021 411,4876
13 KneeRight 289,0407 415,3032
13 AnkleRight 92,83122 423,3913
13 FootRight -4,904064 440,1471
13 SpineShoulder 322,0169 260,712
13 HandTipLeft 308,9605 311,0319
13 ThumbLeft 317,2574 305,7761
13 HandTipRight 272,5454 303,765
13 ThumbRight 279,6053 292,5809
14 SpineBase 377,8143 421,4214
14 SpineMid 343,0273 321,183
14 Neck 315,8163 242,6859
14 Head 296,8075 221,124
14 ShoulderLeft 289,3339 282,5319
14 ElbowLeft 291,5325 292,9868
14 WristLeft 316,9592 308,8788
14 HandLeft 309,8253 308,344
14 ShoulderRight 350,8693 262,9778
14 ElbowRight 326,9514 294,0621
14 WristRight 272,8796 303,0666
14 HandRight 295,4584 303,8738
14 HipLeft 357,3431 431,5659
14 KneeLeft 264,5726 398,7284
14 AnkleLeft 33,43895 319,5729
14 FootLeft 0 0
14 HipRight 398,1935 411,4509
14 KneeRight 289,1946 415,2935
14 AnkleRight 93,23722 423,4281
14 FootRight -4,397631 440,1875
14 SpineShoulder 322,0283 260,7056
14 HandTipLeft 311,0403 311,0214
14 ThumbLeft 317,6508 304,9671
14 HandTipRight 271,4991 301,2063
14 ThumbRight 279,614 292,4002
15 SpineBase 377,8111 421,4131
15 SpineMid 343,0296 321,1795
15 Neck 315,8215 242,6827
15 Head 296,8146 221,1134
15 ShoulderLeft 289,3338 282,5322
15 ElbowLeft 291,4455 292,952
15 WristLeft 316,7916 308,8239
15 HandLeft 308,9251 309,2282
15 ShoulderRight 350,8764 262,9819
15 ElbowRight 326,9722 294,0599
15 WristRight 277,6049 309,3863
15 HandRight 296,5919 304,0787
15 HipLeft 357,3336 431,5654
15 KneeLeft 264,5349 398,8275
15 AnkleLeft 33,16674 319,8622
15 FootLeft 0 0
15 HipRight 398,1964 411,4225
15 KneeRight 289,2707 415,2869
15 AnkleRight 93,42725 423,4597
15 FootRight -4,160151 440,2234
15 SpineShoulder 322,0333 260,7021
15 HandTipLeft 312,0815 311,0161
15 ThumbLeft 316,9197 308,3411
15 HandTipRight 270,7769 300,9818
15 ThumbRight 290,1341 321,1031
16 SpineBase 377,8016 421,4109
16 SpineMid 343,0302 321,1789
16 Neck 315,8311 242,6788
16 Head 296,8165 221,1121
16 ShoulderLeft 289,334 282,5324
16 ElbowLeft 291,5618 292,9281
16 WristLeft 317,0508 308,7865
16 HandLeft 308,9368 308,3219
16 ShoulderRight 350,8799 262,9837
16 ElbowRight 327,0263 294,047
16 WristRight 277,669 309,3876
16 HandRight 297,4362 303,8173
16 HipLeft 357,2995 431,5788
16 KneeLeft 264,4711 398,7829
16 AnkleLeft 33,12656 319,709
16 FootLeft 0 0
16 HipRight 398,1879 411,4172
16 KneeRight 289,3592 415,2804
16 AnkleRight 93,67239 423,4496
16 FootRight -3,853412 440,2065
16 SpineShoulder 322,0406 260,6991
16 HandTipLeft 308,9448 311,0319
16 ThumbLeft 317,6214 306,4216
16 HandTipRight 271,9688 302,1472
16 ThumbRight 287,6322 290,3484
17 SpineBase 377,7974 421,4496
17 SpineMid 343,0322 321,1863
17 Neck 315,8334 242,6781
17 Head 296,8185 221,1102
17 ShoulderLeft 289,3336 282,5328
17 ElbowLeft 291,5384 292,9698
17 WristLeft 316,998 308,8564
17 HandLeft 306,1796 308,9106
17 ShoulderRight 350,8761 262,9432
17 ElbowRight 327,1571 294,0207
17 WristRight 274,231 305,5421
17 HandRight 296,4698 303,694
17 HipLeft 357,2841 431,6276
17 KneeLeft 264,5188 398,7295
17 AnkleLeft 33,3685 319,4158
17 FootLeft 0 0
17 HipRight 398,206 411,4675
17 KneeRight 289,3725 415,2779
17 AnkleRight 93,71798 423,3515
17 FootRight -3,787146 440,088
17 SpineShoulder 322,0427 260,6994
17 HandTipLeft 300,4446 308,9373
17 ThumbLeft 315,8896 309,1542
17 HandTipRight 272,2663 302,673
17 ThumbRight 281,2134 291,9289
18 SpineBase 377,7875 421,3984
18 SpineMid 343,0351 321,1745
18 Neck 315,8398 242,6766
18 Head 296,8269 221,095
18 ShoulderLeft 289,3337 282,5332
18 ElbowLeft 291,4135 293,0021
18 WristLeft 316,7531 308,9498
18 HandLeft 307,6534 308,7016
18 ShoulderRight 350,8847 262,9445
18 ElbowRight 327,2194 294,0198
18 WristRight 273,4874 303,6755
18 HandRight 273,4086 302,6873
18 HipLeft 357,3132 431,5363
18 KneeLeft 264,5581 398,6798
18 AnkleLeft 33,42602 319,4644
18 FootLeft 0 0
18 HipRight 398,1631 411,4027
18 KneeRight 289,1912 415,2802
18 AnkleRight 93,23779 423,4785
18 FootRight -4,424957 440,2517
18 SpineShoulder 322,0487 260,6958
18 HandTipLeft 298,3355 308,9478
18 ThumbLeft 316,5895 307,5633
18 HandTipRight 224,987 327,7888
18 ThumbRight 225,2549 327,7888
19 SpineBase 377,782 421,466
19 SpineMid 343,0416 321,188
19 Neck 315,8524 242,6752
19 Head 296,8449 221,0942
19 ShoulderLeft 289,3345 282,5333
19 ElbowLeft 291,4155 292,9886
19 WristLeft 316,7566 308,9185
19 HandLeft 307,4153 309,4111
19 ShoulderRight 350,8869 262,9411
19 ElbowRight 327,0207 294,0434
19 WristRight 273,268 303,7307
19 HandRight 273,4637 302,426
19 HipLeft 357,2938 431,6132
19 KneeLeft 264,5946 398,7407
19 AnkleLeft 33,49162 319,4483
19 FootLeft 0 0
19 HipRight 398,1879 411,4964
19 KneeRight 289,2054 415,2786
19 AnkleRight 93,30125 423,3041
19 FootRight -4,320288 440,0266
19 SpineShoulder 322,0594 260,6971
19 HandTipLeft 300,4605 308,9373
19 ThumbLeft 316,6593 307,6964
19 HandTipRight 225,1761 327,7887
19 ThumbRight 254,1423 324,5723
20 SpineBase 377,7788 421,4528
20 SpineMid 343,0468 321,1823
20 Neck 315,8671 242,6658
20 Head 296,8618 221,0809
20 ShoulderLeft 289,3349 282,5326
20 ElbowLeft 291,4391 292,9039
20 WristLeft 316,7915 308,701
20 HandLeft 308,3419 308,331
20 ShoulderRight 350,8988 262,9438
20 ElbowRight 327,0325 294,0422
20 WristRight 273,0664 302,9868
20 HandRight 273,0958 302,4051
20 HipLeft 357,2692 431,6269
20 KneeLeft 264,4897 398,6797
20 AnkleLeft 33,36588 319,2675
20 FootLeft 0 0
20 HipRight 398,1976 411,4078
20 KneeRight 289,4624 415,2635
20 AnkleRight 93,94339 423,4178
20 FootRight -3,513745 440,1583
20 SpineShoulder 322,0723 260,6886
20 HandTipLeft 309,9803 308,8893
20 ThumbLeft 317,5109 306,594
20 HandTipRight 226,1105 328,8509
20 ThumbRight 226,3795 328,8509
21 SpineBase 377,7698 421,4388
21 SpineMid 343,0462 321,1797
21 Neck 315,8677 242,6656
21 Head 296,8784 221,0717
21 ShoulderLeft 289,3336 282,5333
21 ElbowLeft 291,4553 293,1341
21 WristLeft 316,8064 309,132
21 HandLeft 309,531 308,2654
21 ShoulderRight 350,9112 262,9517
21 ElbowRight 327,0614 294,0335
21 WristRight 272,9669 302,5925
21 HandRight 295,4926 303,886
21 HipLeft 357,2413 431,622
21 KneeLeft 264,4046 398,7221
21 AnkleLeft 33,09341 319,4128
21 FootLeft 0 0
21 HipRight 398,1869 411,3666
21 KneeRight 289,5872 415,2545
21 AnkleRight 94,27164 423,4647
21 FootRight -3,10763 440,2146
21 SpineShoulder 322,073 260,6882
21 HandTipLeft 306,819 311,0446
21 ThumbLeft 318,1208 306,4676
21 HandTipRight 271,5126 301,2032
21 ThumbRight 280,6794 292,0802
22 SpineBase 377,7831 421,4873
22 SpineMid 343,0525 321,1925
22 Neck 315,8697 242,6662
22 Head 296,8826 221,0764
22 ShoulderLeft 289,3333 282,5338
22 ElbowLeft 291,507 293,0847
22 WristLeft 316,9179 309,0284
22 HandLeft 307,1931 308,7453
22 ShoulderRight 350,9142 262,9496
22 ElbowRight 326,9663 294,0363
22 WristRight 272,9024 302,7509
22 HandRight 272,9781 302,2286
22 HipLeft 357,2405 431,6946
22 KneeLeft 264,4503 398,5566
22 AnkleLeft 33,58169 318,7733
22 FootLeft 0 0
22 HipRight 398,2319 411,4274
22 KneeRight 289,6287 415,2513
22 AnkleRight 94,37359 423,3446
22 FootRight -2,954454 440,0652
22 SpineShoulder 322,0759 260,6901
22 HandTipLeft 300,4146 307,8688
22 ThumbLeft 316,8827 307,3542
22 HandTipRight 226,1293 328,8509
22 ThumbRight 226,3988 328,8509
23 SpineBase 377,7836 421,5228
23 SpineMid 343,0549 321,2009
23 Neck 315,8724 242,6667
23 Head 296,9005 221,0621
23 ShoulderLeft 289,3333 282,5339
23 ElbowLeft 291,4834 293,0805
23 WristLeft 316,8635 309,0068
23 HandLeft 307,007 308,7285
23 ShoulderRight 350,9159 262,9481
23 ElbowRight 326,854 294,0384
23 WristRight 272,7873 302,8456
23 HandRight 271,8891 303,0419
23 HipLeft 357,237 431,7401
23 KneeLeft 264,4714 398,5113
23 AnkleLeft 33,79916 318,551
23 FootLeft 0 0
23 HipRight 398,2554 411,5052
23 KneeRight 289,5964 415,2516
23 AnkleRight 94,30409 423,205
23 FootRight -3,023337 439,8878
23 SpineShoulder 322,0786 260,6916
23 HandTipLeft 312,0815 311,0161
23 ThumbLeft 317,3197 303,5052
23 HandTipRight 225,5524 328,8559
23 ThumbRight 225,0882 328,8673
24 SpineBase 377,7862 421,5767
24 SpineMid 343,0623 321,2085
24 Neck 315,8891 242,6569
24 Head 296,9072 221,0623
24 ShoulderLeft 289,3354 282,5321
24 ElbowLeft 291,4861 293,0868
24 WristLeft 316,8909 309,0722
24 HandLeft 306,8491 309,4704
24 ShoulderRight 350,9175 262,934
24 ElbowRight 326,7328 294,0479
24 WristRight 272,6465 302,8763
24 HandRight 295,3284 304,0015
24 HipLeft 357,2215 431,8128
24 KneeLeft 264,4852 398,459
24 AnkleLeft 34,03152 318,2423
24 FootLeft 0 0
24 HipRight 398,286 411,5688
24 KneeRight 289,628 415,249
24 AnkleRight 94,39379 423,0818
24 FootRight -2,887838 439,7257
24 SpineShoulder 322,0921 260,6869
24 HandTipLeft 300,4239 308,9386
24 ThumbLeft 316,7428 308,5244
24 HandTipRight 270,5636 300,0364
24 ThumbRight 278,2839 292,6675
25 SpineBase 377,7681 421,6229
25 SpineMid 343,0601 321,2125
25 Neck 315,8893 242,6505
25 Head 296,9058 221,0641
25 ShoulderLeft 289,3337 282,5312
25 ElbowLeft 291,4967 293,0687
25 WristLeft 316,916 309,0361
25 HandLeft 310,1394 309,0723
25 ShoulderRight 350,9258 262,9406
25 ElbowRight 326,6164 294,0635
25 WristRight 272,5252 302,9434
25 HandRight 295,5793 303,8328
25 HipLeft 357,1717 431,8756
25 KneeLeft 264,4668 398,4369
25 AnkleLeft 34,15808 318,0347
25 FootLeft 0 0
25 HipRight 398,2972 411,6231
25 KneeRight 289,6293 415,247
25 AnkleRight 94,41514 422,9778
25 FootRight -2,847744 439,5904
25 SpineShoulder 322,0921 260,6844
25 HandTipLeft 313,166 312,0791
25 ThumbLeft 317,238 305,9608
25 HandTipRight 271,9268 302,5537
25 ThumbRight 291,1398 320,5693
26 SpineBase 377,7643 421,6026
26 SpineMid 343,0604 321,2101
26 Neck 315,8907 242,6523
26 Head 296,9128 221,0677
26 ShoulderLeft 289,3326 282,5388
26 ElbowLeft 291,4583 293,1111
26 WristLeft 316,8456 309,1347
26 HandLeft 308,0409 308,9898
26 ShoulderRight 350,9289 262,9408
26 ElbowRight 326,5776 294,0677
26 WristRight 272,5118 303,0455
26 HandRight 295,4953 303,9759
26 HipLeft 357,1722 431,8537
26 KneeLeft 264,3875 398,6168
26 AnkleLeft 33,64523 318,6308
26 FootLeft 0 0
26 HipRight 398,288 411,5854
26 KneeRight 289,6584 415,2412
26 AnkleRight 94,48515 423,0294
26 FootRight -2,769977 439,654
26 SpineShoulder 322,0935 260,685
26 HandTipLeft 298,3055 307,8792
26 ThumbLeft 317,2961 306,6754
26 HandTipRight 271,4992 301,2059
26 ThumbRight 313,537 312,3749
27 SpineBase 377,7535 421,5726
27 SpineMid 343,0604 321,2055
27 Neck 315,8928 242,6515
27 Head 296,9201 221,0692
27 ShoulderLeft 289,3326 282,5396
27 ElbowLeft 291,5067 293,1314
27 WristLeft 316,9465 309,1736
27 HandLeft 308,7685 308,2762
27 ShoulderRight 350,9356 262,9417
27 ElbowRight 326,5122 294,0905
27 WristRight 272,4483 303,1232
27 HandRight 295,506 303,9323
27 HipLeft 357,1589 431,8218
27 KneeLeft 264,3235 398,6646
27 AnkleLeft 33,36113 318,8431
27 FootLeft 0 0
27 HipRight 398,2678 411,5299
27 KneeRight 289,7091 415,2341
27 AnkleRight 94,61517 423,1091
27 FootRight -2,622295 439,7536
27 SpineShoulder 322,0952 260,6836
27 HandTipLeft 300,4239 308,9386
27 ThumbLeft 317,5694 306,4397
27 HandTipRight 271,5067 301,2062
27 ThumbRight 291,1817 320,4201
28 SpineBase 377,7607 421,6107
28 SpineMid 343,0657 321,2117
28 Neck 315,8999 242,6456
28 Head 296,919 221,0675
28 ShoulderLeft 289,3331 282,5392
28 ElbowLeft 291,4835 293,0726
28 WristLeft 316,894 309,0413
28 HandLeft 308,5365 307,8126
28 ShoulderRight 350,9392 262,9375
28 ElbowRight 326,4685 294,0932
28 WristRight 272,402 303,1566
28 HandRight 295,3725 303,7947
28 HipLeft 357,173 431,8815
28 KneeLeft 264,3981 398,7381
28 AnkleLeft 33,47739 318,9122
28 FootLeft 0 0
28 HipRight 398,2975 411,6123
28 KneeRight 289,6644 415,2344
28 AnkleRight 94,50921 422,9615
28 FootRight -2,734796 439,5692
28 SpineShoulder 322,1017 260,6808
28 HandTipLeft 305,7187 309,9795
28 ThumbLeft 317,2672 305,5659
28 HandTipRight 271,4877 301,2034
28 ThumbRight 278,0181 292,6159
29 SpineBase 377,7609 421,6276
29 SpineMid 343,066 321,2166
29 Neck 315,9002 242,6463
29 Head 296,9236 221,0691
29 ShoulderLeft 289,3323 282,5406
29 ElbowLeft 291,4816 293,1381
29 WristLeft 316,9009 309,1995
29 HandLeft 308,5359 308,6503
29 ShoulderRight 350,9421 262,9358
29 ElbowRight 326,6364 294,0577
29 WristRight 272,6046 303,1355
29 HandRight 271,3621 302,7576
29 HipLeft 357,2246 431,8683
29 KneeLeft 264,572 398,9622
29 AnkleLeft 33,52133 319,5667
29 FootLeft 0 0
29 HipRight 398,3032 411,8207
29 KneeRight 289,0905 415,2556
29 AnkleRight 93,06335 422,6543
29 FootRight -4,54131 439,2024
29 SpineShoulder 322,1023 260,682
29 HandTipLeft 300,4472 308,5819
29 ThumbLeft 317,4098 306,3284
29 HandTipRight 224,8664 327,7889
29 ThumbRight 225,131 327,7888
30 SpineBase 377,7543 421,591
30 SpineMid 343,0653 321,209
30 Neck 315,9002 242,6456
30 Head 296,9298 221,0593
30 ShoulderLeft 289,3321 282,5404
30 ElbowLeft 291,4766 293,1088
30 WristLeft 316,8884 309,1317
30 HandLeft 309,356 307,8867
30 ShoulderRight 350,947 262,936
30 ElbowRight 326,7905 294,0524
30 WristRight 272,7861 303,116
30 HandRight 295,4194 303,9558
30 HipLeft 357,2127 431,8276
30 KneeLeft 264,5025 398,8838
30 AnkleLeft 33,41981 319,4352
30 FootLeft 0 0
30 HipRight 398,2803 411,6812
30 KneeRight 289,2783 415,2422
30 AnkleRight 93,52164 422,8653
30 FootRight -3,991676 439,4647
30 SpineShoulder 322,1025 260,6802
30 HandTipLeft 298,3214 307,8793
30 ThumbLeft 316,7661 306,7992
30 HandTipRight 270,9596 301,6464
30 ThumbRight 279,2539 292,0878
31 SpineBase 372,6652 423,7226
31 SpineMid 342,026 321,6199
31 Neck 315,9062 242,6425
31 Head 296,9543 221,0619
31 ShoulderLeft 289,3331 282,54
31 ElbowLeft 291,4305 293,1169
31 WristLeft 316,7892 309,145
31 HandLeft 306,9262 309,4399
31 ShoulderRight 350,9514 262,9377
31 ElbowRight 326,676 294,0532
31 WristRight 272,6515 303,1471
31 HandRight 295,3552 303,8019
31 HipLeft 352,1234 433,2411
31 KneeLeft 261,5752 397,5865
31 AnkleLeft 33,30682 310,4899
31 FootLeft 0 0
31 HipRight 393,1956 414,6275
31 KneeRight 281,7458 419,4266
31 AnkleRight 89,52629 428,9073
31 FootRight 0 0
31 SpineShoulder 322,0699 260,6909
31 HandTipLeft 298,3055 307,8792
31 ThumbLeft 316,6527 309,299
31 HandTipRight 271,3014 301,3178
31 ThumbRight 280,4624 291,8406
32 SpineBase 372,7189 423,7897
32 SpineMid 341,9628 321,6917
32 Neck 315,9102 242,6409
32 Head 296,9605 221,0605
32 ShoulderLeft 289,3332 282,5403
32 ElbowLeft 291,4623 293,0897
32 WristLeft 316,8548 309,0832
32 HandLeft 308,5631 308,0766
32 ShoulderRight 350,9725 262,9554
32 ElbowRight 326,6273 294,0486
32 WristRight 272,6031 303,1782
32 HandRight 295,2796 303,9081
32 HipLeft 352,1582 433,3152
32 KneeLeft 261,6625 397,6124
32 AnkleLeft 33,56747 310,4106
32 FootLeft 0 0
32 HipRight 393,3081 414,7085
32 KneeRight 282,1088 418,4628
32 AnkleRight 90,69079 426,1281
32 FootRight -5,399856 441,6747
32 SpineShoulder 322,0632 260,6972
32 HandTipLeft 298,3214 307,8792
32 ThumbLeft 316,9841 307,0479
32 HandTipRight 270,5797 300,0304
32 ThumbRight 279,2149 292,2211
33 SpineBase 372,7598 423,7278
33 SpineMid 341,9261 321,6893
33 Neck 315,9164 242,6349
33 Head 296,9605 221,0609
33 ShoulderLeft 289,3337 282,5395
33 ElbowLeft 291,4745 293,1188
33 WristLeft 316,8823 309,1511
33 HandLeft 307,3007 308,72
33 ShoulderRight 350,9737 262,9535
33 ElbowRight 326,5263 294,0699
33 WristRight 272,4836 303,2362
33 HandRight 271,5265 303,0053
33 HipLeft 352,1877 433,2758
33 KneeLeft 261,6538 397,4213
33 AnkleLeft 33,80414 309,9727
33 FootLeft 0 0
33 HipRight 393,395 414,561
33 KneeRight 282,4616 417,863
33 AnkleRight 91,63261 424,7418
33 FootRight -4,167987 440,019
33 SpineShoulder 322,0598 260,6952
33 HandTipLeft 298,3055 307,8792
33 ThumbLeft 316,7654 307,3671
33 HandTipRight 225,014 327,789
33 ThumbRight 225,2829 327,789
34 SpineBase 372,7856 423,7119
34 SpineMid 341,8817 321,7101
34 Neck 315,9183 242,6384
34 Head 296,9623 221,0592
34 ShoulderLeft 289,3314 282,5479
34 ElbowLeft 291,4994 293,122
34 WristLeft 316,9427 309,1606
34 HandLeft 307,7303 308,3575
34 ShoulderRight 350,987 262,9625
34 ElbowRight 326,4963 294,0612
34 WristRight 272,4579 303,283
34 HandRight 295,2866 303,8422
34 HipLeft 352,2057 433,2714
34 KneeLeft 261,6344 397,4893
34 AnkleLeft 33,61456 310,1927
34 FootLeft 0 0
34 HipRight 393,4467 414,5206
34 KneeRight 282,6534 417,4617
34 AnkleRight 92,18032 423,7146
34 FootRight -3,438692 438,7815
34 SpineShoulder 322,05 260,7047
34 HandTipLeft 301,499 308,9342
34 ThumbLeft 317,0834 307,1605
34 HandTipRight 270,5551 300,0381
34 ThumbRight 279,8304 292,0966
35 SpineBase 372,8242 423,702
35 SpineMid 341,8583 321,719
35 Neck 315,9223 242,6334
35 Head 296,9691 221,0517
35 ShoulderLeft 289,3314 282,5477
35 ElbowLeft 291,5416 293,1252
35 WristLeft 317,0325 309,1694
35 HandLeft 307,5026 309,0528
35 ShoulderRight 350,9928 262,9685
35 ElbowRight 326,5803 294,0504
35 WristRight 272,5707 303,3291
35 HandRight 295,4127 303,8188
35 HipLeft 352,231 433,2894
35 KneeLeft 261,6055 397,4434
35 AnkleLeft 33,6505 310,0662
35 FootLeft 0 0
35 HipRight 393,5497 414,4596
35 KneeRight 282,9086 417,1597
35 AnkleRight 92,807 422,9931
35 FootRight -2,607202 437,9165
35 SpineShoulder 322,0474 260,7039
35 HandTipLeft 298,3055 307,8792
35 ThumbLeft 316,4121 307,9957
35 HandTipRight 271,9386 302,5769
35 ThumbRight 291,6358 320,742
36 SpineBase 372,854 423,6752
36 SpineMid 341,8296 321,7237
36 Neck 315,9241 242,632
36 Head 296,97 221,0514
36 ShoulderLeft 289,3313 282,5479
36 ElbowLeft 291,6188 293,1312
36 WristLeft 317,1906 309,1714
36 HandLeft 307,1987 308,992
36 ShoulderRight 350,9927 262,9681
36 ElbowRight 326,5124 294,0624
36 WristRight 272,5012 303,402
36 HandRight 295,6624 303,9634
36 HipLeft 352,2538 433,2796
36 KneeLeft 261,6415 397,5261
36 AnkleLeft 33,48991 310,2907
36 FootLeft 0 0
36 HipRight 393,5947 414,4025
36 KneeRight 283,0459 416,9313
36 AnkleRight 93,15878 422,4677
36 FootRight -2,147776 437,2915
36 SpineShoulder 322,042 260,7044
36 HandTipLeft 302,6114 310,0026
36 ThumbLeft 316,9958 307,2057
36 HandTipRight 273,4546 304,4421
36 ThumbRight 291,4501 320,7453
37 SpineBase 372,8806 423,665
37 SpineMid 341,8035 321,7364
37 Neck 315,925 242,632
37 Head 296,9737 221,0463
37 ShoulderLeft 289,3312 282,5482
37 ElbowLeft 291,5251 293,165
37 WristLeft 316,9982 309,2514
37 HandLeft 307,0774 309,0934
37 ShoulderRight 350,994 262,9702
37 ElbowRight 326,5549 294,0706
37 WristRight 272,5377 303,396
37 HandRight 271,3488 303,1134
37 HipLeft 352,2744 433,2868
37 KneeLeft 261,644 397,5757
37 AnkleLeft 33,37215 310,4183
37 FootLeft 0 0
37 HipRight 393,649 414,3647
37 KneeRight 283,191 416,751
37 AnkleRight 93,51842 422,0397
37 FootRight -1,67488 436,7809
37 SpineShoulder 322,0368 260,7072
37 HandTipLeft 298,3055 307,8792
37 ThumbLeft 316,6787 307,6458
37 HandTipRight 225,1019 327,7888
37 ThumbRight 266,8491 320,805
38 SpineBase 372,9115 423,6422
38 SpineMid 341,7858 321,7426
38 Neck 315,9296 242,6333
38 Head 296,9788 221,0398
38 ShoulderLeft 289,3316 282,5486
38 ElbowLeft 291,5741 293,2066
38 WristLeft 317,0919 309,3192
38 HandLeft 307,7978 309,2566
38 ShoulderRight 350,9958 262,9675
38 ElbowRight 326,6527 294,0581
38 WristRight 272,6717 303,3708
38 HandRight 270,3106 303,7308
38 HipLeft 352,2946 433,2759
38 KneeLeft 261,6291 397,4268
38 AnkleLeft 33,61303 310,0576
38 FootLeft 0 0
38 HipRight 393,6841 414,3328
38 KneeRight 283,2553 416,6064
38 AnkleRight 93,67717 421,7003
38 FootRight -1,46307 436,3756
38 SpineShoulder 322,0343 260,7101
38 HandTipLeft 309,9601 309,4287
38 ThumbLeft 316,9902 307,6989
38 HandTipRight 225,4661 328,512
38 ThumbRight 226,1923 329,9294
39 SpineBase 372,9407 423,7063
39 SpineMid 341,7543 321,786
39 Neck 315,9349 242,6327
39 Head 296,9843 221,0415
39 ShoulderLeft 289,3322 282,5482
39 ElbowLeft 291,4512 293,2026
39 WristLeft 316,8466 309,3411
39 HandLeft 309,0185 308,995
39 ShoulderRight 350,9992 262,9679
39 ElbowRight 326,8341 294,053
39 WristRight 272,9 303,3392
39 HandRight 295,3228 303,8319
39 HipLeft 352,3045 433,338
39 KneeLeft 261,6822 397,4367
39 AnkleLeft 33,82719 309,9576
39 FootLeft 0 0
39 HipRight 393,7597 414,4494
39 KneeRight 283,2757 416,4928
39 AnkleRight 93,74858 421,1907
39 FootRight -1,326236 435,7525
39 SpineShoulder 322,032 260,7139
39 HandTipLeft 302,5336 308,9281
39 ThumbLeft 317,0331 307,2324
39 HandTipRight 271,179 301,2149
39 ThumbRight 278,2264 292,5562
40 SpineBase 373,0058 423,6195
40 SpineMid 341,74 321,7789
40 Neck 315,9378 242,6314
40 Head 296,9869 221,0402
40 ShoulderLeft 289,3323 282,5481
40 ElbowLeft 291,413 293,1698
40 WristLeft 316,7611 309,2606
40 HandLeft 307,3035 309,6831
40 ShoulderRight 350,9999 262,968
40 ElbowRight 326,8858 294,0555
40 WristRight 272,9622 303,3265
40 HandRight 271,4918 303,0076
40 HipLeft 352,4116 433,2329
40 KneeLeft 261,791 397,5195
40 AnkleLeft 33,72144 310,4212
40 FootLeft 0 0
40 HipRight 393,8345 414,2852
40 KneeRight 282,9807 416,3909
40 AnkleRight 92,8614 421,2005
40 FootRight -2,447837 435,7826
40 SpineShoulder 322,0298 260,7134
40 HandTipLeft 311,0388 312,0896
40 ThumbLeft 317,0775 307,0189
40 HandTipRight 224,9371 327,7891
40 ThumbRight 253,7749 291,1866
41 SpineBase 373,0152 423,6075
41 SpineMid 341,7249 321,7796
41 Neck 315,9461 242,6241
41 Head 296,992 221,0407
41 ShoulderLeft 289,3331 282,5467
41 ElbowLeft 291,4489 293,1746
41 WristLeft 316,8286 309,2554
41 HandLeft 307,8349 308,2442
41 ShoulderRight 351,0038 262,9688
41 ElbowRight 326,9744 294,0384
41 WristRight 273,0575 303,2857
41 HandRight 271,5311 302,9931
41 HipLeft 352,4106 433,2267
41 KneeLeft 261,7835 397,4249
41 AnkleLeft 33,86053 310,1691
41 FootLeft 0 0
41 HipRight 393,8668 414,2453
41 KneeRight 283,1267 416,298
41 AnkleRight 93,21656 421,0141
41 FootRight -1,991677 435,5581
41 SpineShoulder 322,0292 260,7123
41 HandTipLeft 305,7031 309,9795
41 ThumbLeft 317,277 304,944
41 HandTipRight 225,1448 327,7889
41 ThumbRight 224,2889 327,8051
42 SpineBase 373,0461 423,6639
42 SpineMid 341,7022 321,8085
42 Neck 315,9477 242,622
42 Head 296,9985 221,0381
42 ShoulderLeft 289,3329 282,5467
42 ElbowLeft 291,4166 293,2112
42 WristLeft 316,7598 309,3298
42 HandLeft 308,6934 307,7539
42 ShoulderRight 351,0154 262,9767
42 ElbowRight 327,0057 294,0403
42 WristRight 273,1378 303,3343
42 HandRight 273,3677 302,7311
42 HipLeft 352,4275 433,2926
42 KneeLeft 261,8503 397,4358
42 AnkleLeft 34,08932 310,0569
42 FootLeft 0 0
42 HipRight 393,9167 414,3218
42 KneeRight 283,1625 416,2238
42 AnkleRight 93,32101 420,6809
42 FootRight -1,830055 435,1542
42 SpineShoulder 322,0257 260,7136
42 HandTipLeft 305,3859 307,1224
42 ThumbLeft 317,8194 306,99
42 HandTipRight 225,0059 327,7887
42 ThumbRight 224,8122 327,7964
43 SpineBase 373,0588 423,6452
43 SpineMid 341,6879 321,8057
43 Neck 315,9514 242,6149
43 Head 297,0109 221,0236
43 ShoulderLeft 289,3329 282,5461
43 ElbowLeft 291,3936 293,2202
43 WristLeft 316,7123 309,3514
43 HandLeft 309,2 308,4795
43 ShoulderRight 351,0182 262,9796
43 ElbowRight 326,9333 294,0309
43 WristRight 272,9359 302,9893
43 HandRight 272,973 302,2346
43 HipLeft 352,4379 433,2819
43 KneeLeft 261,7649 397,7165
43 AnkleLeft 33,39259 310,923
43 FootLeft 0 0
43 HipRight 393,9369 414,2661
43 KneeRight 283,2719 416,1526
43 AnkleRight 93,57793 420,5815
43 FootRight -1,507022 435,0383
43 SpineShoulder 322,0226 260,7106
43 HandTipLeft 316,2611 309,9268
43 ThumbLeft 319,0927 307,6009
43 HandTipRight 226,0171 328,8509
43 ThumbRight 224,6127 327,5151
44 SpineBase 373,0688 423,6451
44 SpineMid 341,6814 321,8118
44 Neck 315,9657 242,6131
44 Head 297,0338 221,0287
44 ShoulderLeft 289,3347 282,5472
44 ElbowLeft 291,3823 293,2096
44 WristLeft 316,6876 309,3297
44 HandLeft 308,9722 308,5762
44 ShoulderRight 351,019 262,9719
44 ElbowRight 326,8249 294,0249
44 WristRight 272,7148 302,793
44 HandRight 273,1039 302,4034
44 HipLeft 352,443 433,285
44 KneeLeft 261,7874 397,6586
44 AnkleLeft 33,53154 310,7406
44 FootLeft 0 0
44 HipRight 393,9478 414,2656
44 KneeRight 283,3106 416,0933
44 AnkleRight 93,68257 420,4203
44 FootRight -1,373421 434,8452
44 SpineShoulder 322,0236 260,7117
44 HandTipLeft 306,8186 311,0458
44 ThumbLeft 318,1115 306,4388
44 HandTipRight 226,1106 328,8509
44 ThumbRight 225,7259 328,5113
45 SpineBase 373,0992 423,6936
45 SpineMid 341,6621 321,8449
45 Neck 315,9666 242,6138
45 Head 297,0399 221,0302
45 ShoulderLeft 289,3339 282,5481
45 ElbowLeft 291,3577 293,1662
45 WristLeft 316,6483 309,2627
45 HandLeft 309,2106 308,7025
45 ShoulderRight 351,0183 262,9712
45 ElbowRight 326,9493 294,0306
45 WristRight 272,8079 302,6088
45 HandRight 295,5486 303,8481
45 HipLeft 352,4823 433,3475
45 KneeLeft 261,8974 397,786
45 AnkleLeft 33,64679 310,9623
45 FootLeft 0 0
45 HipRight 393,9977 414,3609
45 KneeRight 283,2926 416,0453
45 AnkleRight 93,64914 420,1276
45 FootRight -1,386952 434,4925
45 SpineShoulder 322,0183 260,7184
45 HandTipLeft 304,7189 309,9941
45 ThumbLeft 317,325 306,9973
45 HandTipRight 272,0327 302,6881
45 ThumbRight 280,6837 292,06
46 SpineBase 373,106 423,726
46 SpineMid 341,6421 321,8684
46 Neck 315,9721 242,6102
46 Head 297,0537 221,0243
46 ShoulderLeft 289,334 282,5476
46 ElbowLeft 291,3343 293,1444
46 WristLeft 316,5949 309,2077
46 HandLeft 307,868 308,7639
46 ShoulderRight 351,0176 262,9699
46 ElbowRight 326,9893 294,0207
46 WristRight 272,8402 302,6038
46 HandRight 273,2463 302,6615
46 HipLeft 352,4762 433,3795
46 KneeLeft 261,9541 397,7024
46 AnkleLeft 33,9577 310,6261
46 FootLeft 0 0
46 HipRight 394,0125 414,4082
46 KneeRight 283,3134 416,0009
46 AnkleRight 93,72373 419,926
46 FootRight -1,281887 434,2495
46 SpineShoulder 322,016 260,7201
46 HandTipLeft 298,3214 307,8792
46 ThumbLeft 317,4359 306,9265
46 HandTipRight 225,9429 328,8509
46 ThumbRight 257,9886 290,2976
47 SpineBase 373,1465 423,6298
47 SpineMid 341,6267 321,8566
47 Neck 315,972 242,6101
47 Head 297,0534 221,0242
47 ShoulderLeft 289,3332 282,5478
47 ElbowLeft 291,3254 293,1466
47 WristLeft 316,5763 309,2109
47 HandLeft 305,8004 308,9922
47 ShoulderRight 351,0187 262,9698
47 ElbowRight 326,817 294,0426
47 WristRight 272,6522 302,7562
47 HandRight 273,11 302,7807
47 HipLeft 352,592 433,2158
47 KneeLeft 262,0614 397,8523
47 AnkleLeft 33,67634 311,4147
47 FootLeft 0 0
47 HipRight 394,0073 414,2496
47 KneeRight 282,946 415,9599
47 AnkleRight 92,70773 420,0923
47 FootRight -2,595079 434,4734
47 SpineShoulder 322,0104 260,7196
47 HandTipLeft 300,4305 307,8688
47 ThumbLeft 316,2397 308,6269
47 HandTipRight 225,9244 328,8509
47 ThumbRight 257,9818 290,3033
48 SpineBase 373,163 423,6107
48 SpineMid 341,6153 321,8588
48 Neck 315,9715 242,6114
48 Head 297,0579 221,0134
48 ShoulderLeft 289,3327 282,5483
48 ElbowLeft 291,3364 293,1425
48 WristLeft 316,6011 309,2041
48 HandLeft 306,5002 309,5489
48 ShoulderRight 351,0171 262,9679
48 ElbowRight 326,6648 294,052
48 WristRight 272,4693 302,8244
48 HandRight 272,7665 302,3421
48 HipLeft 352,6062 433,2074
48 KneeLeft 262,0526 397,6892
48 AnkleLeft 33,9031 310,978
48 FootLeft 0 0
48 HipRight 394,039 414,1883
48 KneeRight 283,094 415,9171
48 AnkleRight 93,0436 420,079
48 FootRight -2,171742 434,4617
48 SpineShoulder 322,0023 260,7242
48 HandTipLeft 306,8044 309,9743
48 ThumbLeft 316,6882 308,6795
48 HandTipRight 225,9244 328,8509
48 ThumbRight 257,7892 290,1622
49 SpineBase 373,1721 423,6
49 SpineMid 341,6071 321,8591
49 Neck 315,9747 242,6095
49 Head 297,0586 221,0136
49 ShoulderLeft 289,336 282,5453
49 ElbowLeft 291,3058 293,1734
49 WristLeft 316,5336 309,2738
49 HandLeft 309,4957 307,9681
49 ShoulderRight 351,0199 262,9715
49 ElbowRight 326,6323 294,0454
49 WristRight 272,4337 302,8719
49 HandRight 295,3682 303,8091
49 HipLeft 352,6108 433,2091
49 KneeLeft 261,7466 398,2966
49 AnkleLeft 32,34106 312,9233
49 FootLeft 0 0
49 HipRight 394,057 414,1375
49 KneeRight 283,2839 415,8784
49 AnkleRight 93,5051 420,0576
49 FootRight -1,592341 434,4359
49 SpineShoulder 322,0009 260,7242
49 HandTipLeft 299,3669 308,9429
49 ThumbLeft 318,0284 305,5011
49 HandTipRight 270,9662 301,6471
49 ThumbRight 278,2045 292,7148
50 SpineBase 373,1913 423,5586
50 SpineMid 341,5975 321,8542
50 Neck 315,9755 242,6084
50 Head 297,0642 221,0208
50 ShoulderLeft 289,3362 282,5449
50 ElbowLeft 291,4012 293,1471
50 WristLeft 316,7245 309,197
50 HandLeft 306,8445 308,8578
50 ShoulderRight 351,0189 262,9676
50 ElbowRight 326,7976 294,0053
50 WristRight 272,7046 303,0096
50 HandRight 272,9601 302,5241
50 HipLeft 352,6176 433,1863
50 KneeLeft 261,7375 398,1256
50 AnkleLeft 32,57601 312,4886
50 FootLeft 0 0
50 HipRight 394,0851 414,0481
50 KneeRight 283,4284 415,8422
50 AnkleRight 93,82034 420,11
50 FootRight -1,202424 434,5099
50 SpineShoulder 321,9975 260,7235
50 HandTipLeft 315,2039 309,9322
50 ThumbLeft 317,3194 306,8361
50 HandTipRight 225,906 328,851
50 ThumbRight 255,1119 290,8533
51 SpineBase 373,1888 423,544
51 SpineMid 341,5831 321,8493
51 Neck 315,9794 242,6029
51 Head 297,0661 221,0212
51 ShoulderLeft 289,337 282,5436
51 ElbowLeft 291,3518 293,1187
51 WristLeft 316,6268 309,1543
51 HandLeft 307,2655 308,3376
51 ShoulderRight 351,0223 262,9756
51 ElbowRight 326,8676 293,9886
51 WristRight 272,807 303,0454
51 HandRight 272,9791 302,5168
51 HipLeft 352,5924 433,1686
51 KneeLeft 261,6805 398,1668
51 AnkleLeft 32,33252 312,6385
51 FootLeft 0 0
51 HipRight 394,0754 414,014
51 KneeRight 283,515 415,8132
51 AnkleRight 94,04393 420,0884
51 FootRight -0,9298196 434,4844
51 SpineShoulder 321,9955 260,7211
51 HandTipLeft 304,6942 309,9847
51 ThumbLeft 317,325 306,7083
51 HandTipRight 226,0919 328,8509
51 ThumbRight 226,3602 328,8509
52 SpineBase 373,2021 423,5946
52 SpineMid 341,5654 321,8696
52 Neck 315,979 242,6013
52 Head 297,0674 221,0214
52 ShoulderLeft 289,3367 282,5435
52 ElbowLeft 291,3342 293,2546
52 WristLeft 316,539 309,3224
52 HandLeft 309,6349 307,0706
52 ShoulderRight 351,0194 262,975
52 ElbowRight 326,9579 293,9968
52 WristRight 272,9467 303,1204
52 HandRight 295,3208 303,7772
52 HipLeft 352,5807 433,2374
52 KneeLeft 261,7447 398,2112
52 AnkleLeft 32,51923 312,5951
52 FootLeft 0 0
52 HipRight 394,1218 414,1285
52 KneeRight 283,4908 415,7943
52 AnkleRight 93,99882 419,8413
52 FootRight -0,9569049 434,1806
52 SpineShoulder 321,9895 260,7223
52 HandTipLeft 308,9012 310,6763
52 ThumbLeft 319,4206 303,7999
52 HandTipRight 270,5628 300,0339
52 ThumbRight 279,6966 292,0382
53 SpineBase 373,2201 423,5549
53 SpineMid 341,5605 321,862
53 Neck 315,9837 242,5941
53 Head 297,0627 221,0197
53 ShoulderLeft 289,3373 282,5429
53 ElbowLeft 291,3617 293,2306
53 WristLeft 316,6022 309,2876
53 HandLeft 309,0804 307,6357
53 ShoulderRight 351,0144 262,9698
53 ElbowRight 326,9829 293,9937
53 WristRight 272,9068 302,9944
53 HandRight 273,0597 302,1292
53 HipLeft 352,5994 433,213
53 KneeLeft 261,7243 398,1038
53 AnkleLeft 32,60115 312,3564
53 FootLeft 0 0
53 HipRight 394,1326 414,0529
53 KneeRight 283,5658 415,7675
53 AnkleRight 94,15344 419,8968
53 FootRight -0,7740297 434,2566
53 SpineShoulder 321,9884 260,7184
53 HandTipLeft 298,3056 307,8792
53 ThumbLeft 317,9608 307,3488
53 HandTipRight 226,2241 328,8509
53 ThumbRight 226,496 328,8509
54 SpineBase 373,2313 423,5384
54 SpineMid 341,5564 321,8604
54 Neck 315,9853 242,593
54 Head 297,0632 221,0185
54 ShoulderLeft 289,3374 282,5431
54 ElbowLeft 291,2181 293,1871
54 WristLeft 316,3267 309,2545
54 HandLeft 308,5585 308,0833
54 ShoulderRight 351,0145 262,971
54 ElbowRight 327,0473 293,9734
54 WristRight 273,0484 303,0468
54 HandRight 271,755 303,1659
54 HipLeft 352,611 433,2027
54 KneeLeft 261,7558 398,0025
54 AnkleLeft 32,81292 312,0766
54 FootLeft 0 0
54 HipRight 394,1343 414,0428
54 KneeRight 283,5721 415,747
54 AnkleRight 94,16763 419,8587
54 FootRight -0,7602124 434,2142
54 SpineShoulder 321,9876 260,7182
54 HandTipLeft 304,0002 309,9926
54 ThumbLeft 317,7629 306,1959
54 HandTipRight 225,6713 328,8553
54 ThumbRight 225,1551 328,8673
55 SpineBase 373,2346 423,5347
55 SpineMid 341,5468 321,862
55 Neck 315,9854 242,593
55 Head 297,0635 221,0174
55 ShoulderLeft 289,337 282,5435
55 ElbowLeft 291,2774 293,1609
55 WristLeft 316,4567 309,2111
55 HandLeft 308,5148 308,3928
55 ShoulderRight 351,0164 262,972
55 ElbowRight 327,1253 293,9819
55 WristRight 273,1721 303,1005
55 HandRight 295,3458 303,8939
55 HipLeft 352,6117 433,2018
55 KneeLeft 261,751 398,0202
55 AnkleLeft 32,76377 312,1293
55 FootLeft 0 0
55 HipRight 394,138 414,0375
55 KneeRight 283,5986 415,7281
55 AnkleRight 94,23441 419,8157
55 FootRight -0,678031 434,1632
55 SpineShoulder 321,9827 260,7196
55 HandTipLeft 309,9686 312,0949
55 ThumbLeft 316,3742 303,7125
55 HandTipRight 270,5409 300,0357
55 ThumbRight 279,7887 292,1766
56 SpineBase 373,2539 423,4377
56 SpineMid 341,5349 321,8408
56 Neck 315,9869 242,5895
56 Head 297,066 221,0175
56 ShoulderLeft 289,3371 282,5432
56 ElbowLeft 291,3148 293,1506
56 WristLeft 316,5341 309,1875
56 HandLeft 307,5121 308,2905
56 ShoulderRight 351,0149 262,968
56 ElbowRight 327,2144 293,9714
56 WristRight 273,2571 303,0959
56 HandRight 273,4189 302,7043
56 HipLeft 352,7021 433,0015
56 KneeLeft 261,8957 398,1148
56 AnkleLeft 32,62746 312,7978
56 FootLeft 0 0
56 HipRight 394,1035 413,894
56 KneeRight 283,162 415,7133
56 AnkleRight 93,06487 420,0288
56 FootRight -2,194646 434,4453
56 SpineShoulder 321,9795 260,7151
56 HandTipLeft 305,7707 309,9904
56 ThumbLeft 317,2839 306,732
56 HandTipRight 224,9498 327,7888
56 ThumbRight 225,2166 327,7888
57 SpineBase 373,2585 423,4305
57 SpineMid 341,5272 321,8376
57 Neck 315,9872 242,5848
57 Head 297,0666 221,0206
57 ShoulderLeft 289,337 282,543
57 ElbowLeft 291,3496 293,1507
57 WristLeft 316,6136 309,2021
57 HandLeft 309,2145 307,879
57 ShoulderRight 351,0154 262,9679
57 ElbowRight 327,2639 293,9496
57 WristRight 273,3828 303,1741
57 HandRight 273,3501 302,4589
57 HipLeft 352,702 433,0006
57 KneeLeft 262,0334 397,8511
57 AnkleLeft 33,27681 311,9377
57 FootLeft 0 0
57 HipRight 394,1121 413,8839
57 KneeRight 283,2125 415,6956
57 AnkleRight 93,1867 419,9975
57 FootRight -2,041955 434,4088
57 SpineShoulder 321,9751 260,7118
57 HandTipLeft 303,0965 309,4625
57 ThumbLeft 317,8001 305,997
57 HandTipRight 225,2529 327,7887
57 ThumbRight 253,1228 327,1602
58 SpineBase 373,3211 423,4494
58 SpineMid 341,5273 321,8387
58 Neck 315,9868 242,5821
58 Head 297,0626 221,0233
58 ShoulderLeft 289,3367 282,543
58 ElbowLeft 291,33 293,1032
58 WristLeft 316,5666 309,0878
58 HandLeft 308,0672 308,2666
58 ShoulderRight 351,013 262,9676
58 ElbowRight 327,1836 293,9529
58 WristRight 273,3058 303,2147
58 HandRight 295,2783 303,7732
58 HipLeft 352,786 433,0544
58 KneeLeft 262,1255 397,8183
58 AnkleLeft 33,62219 311,7755
58 FootLeft 0 0
58 HipRight 394,1709 413,9031
58 KneeRight 283,2162 415,6811
58 AnkleRight 93,15644 419,925
58 FootRight -2,063604 434,3308
58 SpineShoulder 321,9727 260,711
58 HandTipLeft 298,2897 307,8792
58 ThumbLeft 316,4795 306,8773
58 HandTipRight 270,5484 300,0325
58 ThumbRight 279,5987 292,2123
59 SpineBase 373,344 423,5116
59 SpineMid 341,5215 321,8645
59 Neck 315,989 242,584
59 Head 297,0676 221,0237
59 ShoulderLeft 289,3373 282,545
59 ElbowLeft 291,2845 293,1059
59 WristLeft 316,4771 309,1067
59 HandLeft 307,8203 308,2614
59 ShoulderRight 351,0132 262,9675
59 ElbowRight 327,1896 293,9506
59 WristRight 273,343 303,2558
59 HandRight 273,3216 302,4592
59 HipLeft 352,7931 433,1253
59 KneeLeft 262,1695 397,9194
59 AnkleLeft 33,67791 311,921
59 FootLeft 0 0
59 HipRight 394,2188 414,0276
59 KneeRight 283,2105 415,6728
59 AnkleRight 93,16074 419,6897
59 FootRight -2,026219 434,0406
59 SpineShoulder 321,9713 260,7171
59 HandTipLeft 298,3374 307,8792
59 ThumbLeft 316,5963 306,4492
59 HandTipRight 225,1003 327,7887
59 ThumbRight 255,8982 325,745
60 SpineBase 373,351 423,5028
60 SpineMid 341,5162 321,864
60 Neck 315,9879 242,5833
60 Head 297,0671 221,025
60 ShoulderLeft 289,3336 282,5444
60 ElbowLeft 291,3437 293,1375
60 WristLeft 316,6039 309,1694
60 HandLeft 309,2244 308,8865
60 ShoulderRight 351,011 262,9643
60 ElbowRight 327,2574 293,9437
60 WristRight 273,4366 303,2726
60 HandRight 295,3925 303,7256
60 HipLeft 352,7957 433,1231
60 KneeLeft 262,1383 398,169
60 AnkleLeft 33,1531 312,6465
60 FootLeft 0 0
60 HipRight 394,2288 414,01
60 KneeRight 283,2537 415,659
60 AnkleRight 93,25749 419,6819
60 FootRight -1,905649 434,0334
60 SpineShoulder 321,9655 260,7171
60 HandTipLeft 306,7888 309,9743
60 ThumbLeft 317,6101 306,2282
60 HandTipRight 271,5042 301,2086
60 ThumbRight 280,7455 292,0001
61 SpineBase 373,407 423,4837
61 SpineMid 341,517 321,8636
61 Neck 315,9883 242,5827
61 Head 297,0669 221,0248
61 ShoulderLeft 289,3334 282,5443
61 ElbowLeft 291,4197 293,1601
61 WristLeft 316,7658 309,2224
61 HandLeft 308,6286 308,5334
61 ShoulderRight 351,0114 262,9653
61 ElbowRight 327,2774 293,9544
61 WristRight 273,4552 303,316
61 HandRight 273,5245 302,9306
61 HipLeft 352,8673 433,1589
61 KneeLeft 262,1855 398,0341
61 AnkleLeft 33,46147 312,2074
61 FootLeft 0 0
61 HipRight 394,2852 413,9476
61 KneeRight 283,3559 415,6434
61 AnkleRight 93,44473 419,7443
61 FootRight -1,665596 434,1199
61 SpineShoulder 321,9651 260,7169
61 HandTipLeft 302,5844 309,9952
61 ThumbLeft 317,8004 306,5162
61 HandTipRight 225,1954 327,7888
61 ThumbRight 275,2596 299,8478
62 SpineBase 373,4124 423,4516
62 SpineMid 341,5104 321,8578
62 Neck 315,9883 242,5821
62 Head 297,0605 221,0247
62 ShoulderLeft 289,333 282,5441
62 ElbowLeft 291,4211 293,1695
62 WristLeft 316,7725 309,2494
62 HandLeft 307,0017 308,6508
62 ShoulderRight 350,9883 262,9178
62 ElbowRight 327,3307 293,9334
62 WristRight 273,502 303,2883
62 HandRight 273,3573 302,7329
62 HipLeft 352,8761 433,1321
62 KneeLeft 262,2042 397,9333
62 AnkleLeft 33,6363 311,9709
62 FootLeft 0 0
62 HipRight 394,2788 413,9261
62 KneeRight 283,3574 415,6328
62 AnkleRight 93,44537 419,7524
62 FootRight -1,681303 434,1419
62 SpineShoulder 321,9616 260,7162
62 HandTipLeft 312,0957 312,0843
62 ThumbLeft 317,2383 306,1349
62 HandTipRight 224,9318 327,7887
62 ThumbRight 257,108 324,7046
63 SpineBase 373,464 423,4254
63 SpineMid 341,5101 321,8579
63 Neck 315,9824 242,5884
63 Head 297,0603 221,0239
63 ShoulderLeft 289,331 282,5461
63 ElbowLeft 291,3693 293,2711
63 WristLeft 316,6333 309,3871
63 HandLeft 308,0522 307,9551
63 ShoulderRight 350,9888 262,9176
63 ElbowRight 327,384 293,9232
63 WristRight 273,5731 303,2914
63 HandRight 295,2655 303,8545
63 HipLeft 352,9391 433,1576
63 KneeLeft 262,1364 398,0302
63 AnkleLeft 33,32006 312,279
63 FootLeft 0 0
63 HipRight 394,3398 413,8498
63 KneeRight 283,4715 415,6198
63 AnkleRight 93,65252 419,8459
63 FootRight -1,415302 434,2626
63 SpineShoulder 321,9519 260,7231
63 HandTipLeft 298,3215 307,8792
63 ThumbLeft 317,3362 305,9754
63 HandTipRight 270,558 300,0337
63 ThumbRight 293,7829 321,505
64 SpineBase 373,519 423,2758
64 SpineMid 341,5061 321,8299
64 Neck 315,9824 242,5882
64 Head 297,0614 221,0247
64 ShoulderLeft 289,3312 282,5455
64 ElbowLeft 291,3568 293,2174
64 WristLeft 316,6034 309,2668
64 HandLeft 308,6825 308,0039
64 ShoulderRight 350,985 262,9165
64 ElbowRight 327,4358 293,9073
64 WristRight 273,8883 304,0464
64 HandRight 296,208 304,0808
64 HipLeft 353,1134 432,94
64 KneeLeft 262,3395 397,9479
64 AnkleLeft 33,56045 312,5151
64 FootLeft 0 0
64 HipRight 394,2852 413,6106
64 KneeRight 282,849 415,6161
64 AnkleRight 91,97192 420,256
64 FootRight -3,598939 434,7919
64 SpineShoulder 321,9494 260,721
64 HandTipLeft 315,204 309,9322
64 ThumbLeft 319,1865 307,4945
64 HandTipRight 272,5674 303,7643
64 ThumbRight 283,856 291,4182
65 SpineBase 373,5198 423,2734
65 SpineMid 341,5022 321,8305
65 Neck 315,9824 242,588
65 Head 297,0626 221,0218
65 ShoulderLeft 289,3315 282,5455
65 ElbowLeft 291,3842 293,1699
65 WristLeft 316,6801 309,2112
65 HandLeft 307,8712 307,9585
65 ShoulderRight 350,985 262,916
65 ElbowRight 327,4554 293,9166
65 WristRight 273,9268 303,9811
65 HandRight 273,5393 303,0618
65 HipLeft 353,1066 432,9425
65 KneeLeft 262,3397 397,892
65 AnkleLeft 33,65052 312,3407
65 FootLeft 0 0
65 HipRight 394,284 413,6123
65 KneeRight 282,9501 415,6071
65 AnkleRight 92,23736 420,227
65 FootRight -3,266204 434,7559
65 SpineShoulder 321,9457 260,722
65 HandTipLeft 308,9225 307,8258
65 ThumbLeft 317,1486 305,3521
65 HandTipRight 224,8982 328,8672
65 ThumbRight 225,1633 328,8672
66 SpineBase 373,5743 423,2199
66 SpineMid 341,5038 321,8266
66 Neck 315,9823 242,5893
66 Head 297,0646 221,0247
66 ShoulderLeft 289,3316 282,5457
66 ElbowLeft 291,2968 293,1299
66 WristLeft 316,5159 309,1711
66 HandLeft 307,4272 309,0401
66 ShoulderRight 350,9839 262,9157
66 ElbowRight 327,1317 293,95
66 WristRight 273,5417 304,115
66 HandRight 295,2044 304,0049
66 HipLeft 353,1555 432,9264
66 KneeLeft 262,3628 397,7551
66 AnkleLeft 33,8843 312,0061
66 FootLeft 0 0
66 HipRight 394,328 413,5398
66 KneeRight 283,0288 415,5965
66 AnkleRight 92,36904 420,3208
66 FootRight -3,101732 434,8824
66 SpineShoulder 321,9443 260,7229
66 HandTipLeft 313,1269 311,008
66 ThumbLeft 317,8525 307,5032
66 HandTipRight 270,7842 300,9807
66 ThumbRight 282,7369 291,8731
67 SpineBase 373,5763 423,2185
67 SpineMid 341,5032 321,8266
67 Neck 315,9848 242,5885
67 Head 297,0625 221,024
67 ShoulderLeft 289,3326 282,5452
67 ElbowLeft 291,4133 293,1278
67 WristLeft 316,758 309,1637
67 HandLeft 308,029 308,4193
67 ShoulderRight 350,9612 262,8878
67 ElbowRight 327,1721 293,9486
67 WristRight 273,5457 304,0578
67 HandRight 273,1738 303,0957
67 HipLeft 353,1555 432,9257
67 KneeLeft 262,3658 397,6673
67 AnkleLeft 34,05837 311,763
67 FootLeft 0 0
67 HipRight 394,329 413,5469
67 KneeRight 283,0475 415,591
67 AnkleRight 92,42017 420,2936
67 FootRight -3,049231 434,8608
67 SpineShoulder 321,9441 260,7229
67 HandTipLeft 307,9114 308,889
67 ThumbLeft 317,6037 306,2379
67 HandTipRight 224,7693 328,8672
67 ThumbRight 260,4319 290,3394
68 SpineBase 373,5776 423,2213
68 SpineMid 341,5001 321,8263
68 Neck 315,9849 242,5836
68 Head 297,062 221,0245
68 ShoulderLeft 289,3323 282,5438
68 ElbowLeft 291,4194 293,1323
68 WristLeft 316,774 309,181
68 HandLeft 306,3163 309,0035
68 ShoulderRight 350,9613 262,8897
68 ElbowRight 326,9723 293,9626
68 WristRight 273,3397 304,0465
68 HandRight 273,1766 303,1015
68 HipLeft 353,1458 432,9348
68 KneeLeft 262,3533 397,6347
68 AnkleLeft 34,11181 311,6546
68 FootLeft 0 0
68 HipRight 394,3417 413,5723
68 KneeRight 283,1514 415,5856
68 AnkleRight 92,69132 420,2337
68 FootRight -2,70073 434,7855
68 SpineShoulder 321,9414 260,7202
68 HandTipLeft 303,6434 309,9967
68 ThumbLeft 316,4927 307,6302
68 HandTipRight 224,6962 328,8672
68 ThumbRight 260,4319 290,3395
