1 SpineBase 456,5918 325,6368
1 SpineMid 444,2134 281,1515
1 Neck 433,6568 241,6841
1 Head 428,4839 228,6991
1 ShoulderLeft 421,1817 253,8785
1 ElbowLeft 417,5231 282,9037
1 WristLeft 418,1162 316,9196
1 HandLeft 422,3182 325,746
1 ShoulderRight 452,52 246,7907
1 ElbowRight 467,8367 274,2789
1 WristRight 479,1679 308,0203
1 HandRight 484,8588 318,9818
1 HipLeft 449,6429 326,5342
1 KneeLeft 447,5678 366,9639
1 AnkleLeft 456,1196 419,5802
1 FootLeft 459,584 432,8074
1 HipRight 464,0608 324,5048
1 KneeRight 479,3594 373,7573
1 AnkleRight 486,5824 424,4277
1 FootRight 493,114 439,9088
1 SpineShoulder 436,2865 251,1385
1 HandTipLeft 417,8984 336,3849
1 ThumbLeft 417,8091 323,5446
1 HandTipRight 494,0059 327,194
1 ThumbRight 477,2365 323,0877
2 SpineBase 456,6676 325,8312
2 SpineMid 444,2242 281,2111
2 Neck 433,5993 241,6796
2 Head 428,4055 228,7394
2 ShoulderLeft 421,1789 253,8965
2 ElbowLeft 415,5809 284,2318
2 WristLeft 416,6714 317,6651
2 HandLeft 417,8972 345,1326
2 ShoulderRight 452,5089 246,7799
2 ElbowRight 467,9193 274,1683
2 WristRight 479,1746 308,0904
2 HandRight 484,9927 318,9275
2 HipLeft 449,5728 327,0252
2 KneeLeft 447,542 367,1208
2 AnkleLeft 456,1406 419,5578
2 FootLeft 459,6436 432,8539
2 HipRight 464,3486 324,8896
2 KneeRight 478,7875 370,7081
2 AnkleRight 486,5885 424,6088
2 FootRight 493,2034 440,0785
2 SpineShoulder 436,2404 251,1486
2 HandTipLeft 420,4059 354,2617
2 ThumbLeft 413,309 344,9842
2 HandTipRight 493,7346 327,1199
2 ThumbRight 477,3293 322,4219
3 SpineBase 456,6548 326,0859
3 SpineMid 444,2308 281,2854
3 Neck 433,5873 241,6759
3 Head 428,2831 228,7127
3 ShoulderLeft 421,1646 253,8953
3 ElbowLeft 421,444 275,8914
3 WristLeft 419,2868 310,4847
3 HandLeft 423,6501 321,0535
3 ShoulderRight 452,4712 246,7635
3 ElbowRight 466,9113 274,6761
3 WristRight 479,1474 308,1624
3 HandRight 484,8537 319,0694
3 HipLeft 449,4559 327,3079
3 KneeLeft 447,5207 367,2767
3 AnkleLeft 456,1428 419,5698
3 FootLeft 459,6723 432,9042
3 HipRight 464,3589 325,1308
3 KneeRight 479,338 372,5488
3 AnkleRight 486,7425 424,4282
3 FootRight 491,1848 438,7039
3 SpineShoulder 436,2278 251,1548
3 HandTipLeft 421,4367 327,2537
3 ThumbLeft 419,7729 318,4491
3 HandTipRight 494,1276 327,2425
3 ThumbRight 476,9305 325,1865
4 SpineBase 456,7374 326,1971
4 SpineMid 444,2584 281,3739
4 Neck 433,5367 241,7109
4 Head 428,259 228,738
4 ShoulderLeft 421,1619 253,8837
4 ElbowLeft 416,2123 284,9927
4 WristLeft 419,6125 317,4969
4 HandLeft 423,3498 327,3656
4 ShoulderRight 452,4266 246,7535
4 ElbowRight 468,2007 274,1436
4 WristRight 479,0039 305,966
4 HandRight 484,6978 316,8976
4 HipLeft 449,5092 327,4534
4 KneeLeft 447,4874 367,2942
4 AnkleLeft 456,1321 419,5414
4 FootLeft 459,6642 432,8936
4 HipRight 464,4532 325,2048
4 KneeRight 479,5558 373,5418
4 AnkleRight 486,7243 424,4409
4 FootRight 493,315 439,916
4 SpineShoulder 436,1849 251,2024
4 HandTipLeft 423,0486 337,3015
4 ThumbLeft 422,4247 326,7083
4 HandTipRight 494,1033 325,0867
4 ThumbRight 477,6492 318,6751
5 SpineBase 456,7363 326,119
5 SpineMid 444,2567 281,3723
5 Neck 433,4899 241,7213
5 Head 428,223 228,7644
5 ShoulderLeft 421,1478 253,8876
5 ElbowLeft 425,9699 279,9984
5 WristLeft 420,5587 315,7529
5 HandLeft 417,7576 345,5499
5 ShoulderRight 452,4138 246,74
5 ElbowRight 468,0377 274,0747
5 WristRight 478,9704 307,9857
5 HandRight 484,8903 318,7763
5 HipLeft 449,6403 327,1605
5 KneeLeft 447,4729 367,0889
5 AnkleLeft 456,1103 419,5205
5 FootLeft 459,6325 432,8419
5 HipRight 464,158 324,9684
5 KneeRight 479,5703 373,7127
5 AnkleRight 486,5522 424,2744
5 FootRight 493,0803 439,761
5 SpineShoulder 436,1448 251,2099
5 HandTipLeft 419,5778 354,4104
5 ThumbLeft 412,7301 344,5349
5 HandTipRight 492,9643 326,9775
5 ThumbRight 477,2243 323,0882
6 SpineBase 456,9911 327,7732
6 SpineMid 444,2467 281,8279
6 Neck 433,3818 241,7277
6 Head 428,1086 228,8043
6 ShoulderLeft 421,1343 253,8925
6 ElbowLeft 420,045 281,6441
6 WristLeft 418,5571 315,8859
6 HandLeft 423,5047 326,2588
6 ShoulderRight 452,3638 246,767
6 ElbowRight 467,9582 274,106
6 WristRight 478,9715 307,998
6 HandRight 484,9727 318,7829
6 HipLeft 449,047 329,8128
6 KneeLeft 447,4573 368,5599
6 AnkleLeft 456,111 419,5277
6 FootLeft 459,7534 433,2385
6 HipRight 465,5727 327,4993
6 KneeRight 479,6879 374,1849
6 AnkleRight 486,5505 424,269
6 FootRight 493,1871 439,7155
6 SpineShoulder 436,0472 251,2731
6 HandTipLeft 416,3743 335,5044
6 ThumbLeft 420,0314 326,0901
6 HandTipRight 494,1422 327,2426
6 ThumbRight 477,2517 322,8174
7 SpineBase 456,962 327,4176
7 SpineMid 444,2465 281,8051
7 Neck 433,3514 241,7208
7 Head 428,0484 228,8064
7 ShoulderLeft 421,1287 253,8862
7 ElbowLeft 415,4814 281,9231
7 WristLeft 420,1593 315,7222
7 HandLeft 422,739 323,8653
7 ShoulderRight 452,3371 246,7469
7 ElbowRight 468,0663 274,0392
7 WristRight 478,7484 303,9868
7 HandRight 483,5646 315,3113
7 HipLeft 449,1448 329,2617
7 KneeLeft 447,9308 368,6452
7 AnkleLeft 456,1056 419,5899
7 FootLeft 459,5504 432,9251
7 HipRight 465,1373 325,9773
7 KneeRight 479,6982 374,4038
7 AnkleRight 486,486 424,3683
7 FootRight 493,3203 439,7608
7 SpineShoulder 436,0231 251,266
7 HandTipLeft 421,4935 332,0675
7 ThumbLeft 424,8228 321,1859
7 HandTipRight 492,6286 323,8912
7 ThumbRight 476,7042 316,4394
8 SpineBase 456,9713 327,4012
8 SpineMid 444,257 281,8122
8 Neck 433,3499 241,7217
8 Head 428,0305 228,8596
8 ShoulderLeft 421,1274 253,8764
8 ElbowLeft 415,3777 282,347
8 WristLeft 416,7296 315,6848
8 HandLeft 423,1691 326,6621
8 ShoulderRight 452,3245 246,7528
8 ElbowRight 468,074 274,0169
8 WristRight 479,1364 307,6328
8 HandRight 484,9677 318,7195
8 HipLeft 449,2387 329,0624
8 KneeLeft 447,7419 368,356
8 AnkleLeft 456,089 419,6885
8 FootLeft 459,5712 433,1487
8 HipRight 465,1135 325,9745
8 KneeRight 479,6698 374,4939
8 AnkleRight 486,5894 424,4268
8 FootRight 493,1952 439,9051
8 SpineShoulder 436,0221 251,2692
8 HandTipLeft 416,8666 335,8561
8 ThumbLeft 421,9581 325,0193
8 HandTipRight 493,6579 327,2447
8 ThumbRight 477,1699 323,2544
9 SpineBase 456,9901 327,3976
9 SpineMid 444,2824 281,82
9 Neck 433,3524 241,716
9 Head 427,9812 228,866
9 ShoulderLeft 421,1306 253,8853
9 ElbowLeft 414,9762 286,3384
9 WristLeft 416,3229 318,2973
9 HandLeft 417,4751 345,6359
9 ShoulderRight 452,286 246,7311
9 ElbowRight 468,0098 273,9466
9 WristRight 478,7976 305,5273
9 HandRight 484,761 316,7715
9 HipLeft 449,2818 329,0304
9 KneeLeft 447,6113 368,1985
9 AnkleLeft 456,125 419,7736
9 FootLeft 459,6544 433,2692
9 HipRight 465,1176 325,9733
9 KneeRight 479,7363 374,8404
9 AnkleRight 486,3716 424,2081
9 FootRight 493,1833 439,5911
9 SpineShoulder 436,0238 251,2683
9 HandTipLeft 420,8579 354,581
9 ThumbLeft 412,9304 344,671
9 HandTipRight 493,9842 325,0379
9 ThumbRight 477,5918 317,8336
10 SpineBase 457,0017 327,3758
10 SpineMid 444,3104 281,831
10 Neck 433,3805 241,7281
10 Head 427,9834 228,9051
10 ShoulderLeft 421,114 253,8186
10 ElbowLeft 417,6825 282,7347
10 WristLeft 417,7075 316,6202
10 HandLeft 424,1516 326,1587
10 ShoulderRight 452,274 246,7243
10 ElbowRight 468,0693 273,9095
10 WristRight 478,8031 305,6533
10 HandRight 484,6943 316,8334
10 HipLeft 449,2999 328,9368
10 KneeLeft 448,1931 368,3604
10 AnkleLeft 456,0724 419,7836
10 FootLeft 459,3997 433,0873
10 HipRight 465,1178 325,9726
10 KneeRight 479,7409 374,9632
10 AnkleRight 486,4365 424,3267
10 FootRight 493,2638 439,6802
10 SpineShoulder 436,0446 251,2821
10 HandTipLeft 421,5364 336,8853
10 ThumbLeft 422,0469 325,5541
10 HandTipRight 493,7097 325,1375
10 ThumbRight 477,6034 317,8866
11 SpineBase 457,4119 327,3282
11 SpineMid 444,454 281,8454
11 Neck 433,3788 241,7265
11 Head 427,9793 228,9775
11 ShoulderLeft 421,1135 253,8209
11 ElbowLeft 423,0127 272,5333
11 WristLeft 419,8997 307,7888
11 HandLeft 423,2272 319,0831
11 ShoulderRight 452,2817 246,7451
11 ElbowRight 467,665 274,0582
11 WristRight 478,2794 305,9816
11 HandRight 483,7117 316,6516
11 HipLeft 449,7206 328,8752
11 KneeLeft 447,8436 368,0078
11 AnkleLeft 456,0885 419,7801
11 FootLeft 459,5052 433,2405
11 HipRight 465,4453 325,9073
11 KneeRight 478,1938 369,8368
11 AnkleRight 486,3819 424,2816
11 FootRight 493,2027 439,6562
11 SpineShoulder 436,0531 251,2848
11 HandTipLeft 425,2099 323,1746
11 ThumbLeft 416,7153 316,2903
11 HandTipRight 492,9081 325,043
11 ThumbRight 476,7739 318,8083
12 SpineBase 457,3998 327,3303
12 SpineMid 444,4476 281,8593
12 Neck 433,3516 241,729
12 Head 427,9359 229,047
12 ShoulderLeft 421,1129 253,8203
12 ElbowLeft 430,167 278,4993
12 WristLeft 423,3694 313,843
12 HandLeft 426,2095 325,0247
12 ShoulderRight 452,2766 246,7214
12 ElbowRight 467,5687 274,0674
12 WristRight 478,509 305,631
12 HandRight 483,6603 316,4001
12 HipLeft 449,7078 328,8607
12 KneeLeft 447,7353 367,8698
12 AnkleLeft 456,0742 419,7698
12 FootLeft 459,5281 433,2704
12 HipRight 465,4124 325,9253
12 KneeRight 479,1504 373,0332
12 AnkleRight 486,3946 424,2944
12 FootRight 493,3025 439,6434
12 SpineShoulder 436,0289 251,2951
12 HandTipLeft 422,2452 335,8098
12 ThumbLeft 422,3264 326,3935
12 HandTipRight 492,9829 324,912
12 ThumbRight 477,1771 318,1896
13 SpineBase 457,3463 327,3516
13 SpineMid 444,4507 281,8749
13 Neck 433,3546 241,7283
13 Head 427,882 229,1145
13 ShoulderLeft 421,117 253,8161
13 ElbowLeft 424,9908 272,0093
13 WristLeft 421,183 307,2845
13 HandLeft 424,096 318,6246
13 ShoulderRight 452,263 246,7195
13 ElbowRight 467,9691 274,0485
13 WristRight 478,8077 306,963
13 HandRight 484,8318 317,9686
13 HipLeft 449,6847 328,8655
13 KneeLeft 447,6019 367,7473
13 AnkleLeft 456,0681 419,751
13 FootLeft 459,562 433,2654
13 HipRight 465,2863 325,9582
13 KneeRight 478,7708 371,183
13 AnkleRight 486,3316 424,1106
13 FootRight 493,1364 439,4913
13 SpineShoulder 436,0311 251,2975
13 HandTipLeft 424,644 322,5187
13 ThumbLeft 416,371 319,5424
13 HandTipRight 494,0132 326,1155
13 ThumbRight 477,6267 319,8113
14 SpineBase 457,2546 327,1314
14 SpineMid 444,4547 281,8608
14 Neck 433,3821 241,7574
14 Head 427,7019 229,2866
14 ShoulderLeft 421,0988 253,8146
14 ElbowLeft 419,9409 285,4923
14 WristLeft 418,2348 320,6619
14 HandLeft 419,3659 334,0213
14 ShoulderRight 452,266 246,7256
14 ElbowRight 467,9325 274,0264
14 WristRight 478,8319 307,3167
14 HandRight 485,0257 318,8628
14 HipLeft 449,7784 328,106
14 KneeLeft 448,353 367,6547
14 AnkleLeft 456,0322 419,7383
14 FootLeft 459,2448 432,9286
14 HipRight 464,7306 325,6405
14 KneeRight 479,1072 372,6734
14 AnkleRight 486,2975 424,2154
14 FootRight 493,3841 439,5182
14 SpineShoulder 436,0482 251,317
14 HandTipLeft 416,57 341,5679
14 ThumbLeft 416,9784 329,4345
14 HandTipRight 494,0203 327,1946
14 ThumbRight 478,0967 322,7499
15 SpineBase 457,2463 327,1882
15 SpineMid 444,4911 281,8948
15 Neck 433,4446 241,7526
15 Head 427,6643 229,3224
15 ShoulderLeft 421,104 253,8163
15 ElbowLeft 423,2708 282,77
15 WristLeft 422,1696 313,4236
15 HandLeft 425,5984 324,5757
15 ShoulderRight 452,2679 246,7284
15 ElbowRight 467,9351 273,9975
15 WristRight 478,8928 307,6266
15 HandRight 484,8406 318,8602
15 HipLeft 449,7623 328,2439
15 KneeLeft 447,7502 367,4009
15 AnkleLeft 456,0234 419,7102
15 FootLeft 459,4206 433,1148
15 HipRight 464,75 325,7552
15 KneeRight 479,2272 373,4106
15 AnkleRight 486,2572 424,1918
15 FootRight 493,4835 439,4358
15 SpineShoulder 436,0991 251,3281
15 HandTipLeft 425,8858 334,1716
15 ThumbLeft 429,6605 323,7115
15 HandTipRight 494,032 327,1942
15 ThumbRight 477,1857 323,2555
16 SpineBase 457,2411 327,2228
16 SpineMid 444,5007 281,9328
16 Neck 433,4461 241,773
16 Head 427,6649 229,3877
16 ShoulderLeft 421,1028 253,816
16 ElbowLeft 426,0613 280,7848
16 WristLeft 420,595 316,3916
16 HandLeft 425,4233 326,5726
16 ShoulderRight 452,2693 246,7293
16 ElbowRight 468,1091 274,1207
16 WristRight 478,9911 307,7866
16 HandRight 485,0012 318,8169
16 HipLeft 449,7473 328,3437
16 KneeLeft 447,7377 367,3156
16 AnkleLeft 456,0312 419,7251
16 FootLeft 459,4399 433,1721
16 HipRight 464,7721 325,8464
16 KneeRight 478,7091 371,2992
16 AnkleRight 486,1039 424,0479
16 FootRight 493,4607 439,2264
16 SpineShoulder 436,1017 251,3578
16 HandTipLeft 422,0701 337,4918
16 ThumbLeft 429,4075 329,1389
16 HandTipRight 493,6849 327,2434
16 ThumbRight 478,0207 319,0658
17 SpineBase 457,2475 327,3571
17 SpineMid 444,5471 282,0322
17 Neck 433,4989 241,798
17 Head 427,613 229,6213
17 ShoulderLeft 421,1418 253,8588
17 ElbowLeft 425,6259 280,0844
17 WristLeft 421,2911 316,0718
17 HandLeft 424,7832 326,7035
17 ShoulderRight 452,2653 246,7304
17 ElbowRight 467,9375 273,8773
17 WristRight 479,2094 307,6602
17 HandRight 484,7328 318,7039
17 HipLeft 449,7464 328,5793
17 KneeLeft 447,6842 367,3821
17 AnkleLeft 456,0058 419,7059
17 FootLeft 459,4522 433,1579
17 HipRight 464,8246 326,0189
17 KneeRight 479,1525 372,8224
17 AnkleRight 486,3273 424,0285
17 FootRight 493,3578 439,3189
17 SpineShoulder 436,151 251,4115
17 HandTipLeft 419,0284 337,621
17 ThumbLeft 419,6474 334,731
17 HandTipRight 495,4174 326,8771
17 ThumbRight 477,2483 323,5737
18 SpineBase 457,2147 327,4335
18 SpineMid 444,5322 282,0874
18 Neck 433,4777 241,8188
18 Head 427,5969 229,6387
18 ShoulderLeft 421,1425 253,9072
18 ElbowLeft 424,3515 271,676
18 WristLeft 419,7593 306,7947
18 HandLeft 425,1613 317,8959
18 ShoulderRight 452,2645 246,7295
18 ElbowRight 467,0211 274,209
18 WristRight 480,1006 307,3683
18 HandRight 485,3184 318,0504
18 HipLeft 449,7147 328,6553
18 KneeLeft 447,6585 367,3758
18 AnkleLeft 455,9836 419,7179
18 FootLeft 459,4441 433,185
18 HipRight 464,8027 326,1342
18 KneeRight 479,2779 373,4924
18 AnkleRight 486,5256 424,3203
18 FootRight 490,9742 438,6885
18 SpineShoulder 436,1296 251,4441
18 HandTipLeft 427,5952 322,7644
18 ThumbLeft 430,944 314,7778
18 HandTipRight 498,0037 324,531
18 ThumbRight 479,7657 320,9856
19 SpineBase 457,2003 327,563
19 SpineMid 444,5461 282,1819
19 Neck 433,4888 241,8565
19 Head 427,4868 229,7054
19 ShoulderLeft 420,3282 254,1577
19 ElbowLeft 420,3871 287,1082
19 WristLeft 415,473 320,4535
19 HandLeft 401,8013 321,6606
19 ShoulderRight 451,8241 246,736
19 ElbowRight 468,8061 273,1998
19 WristRight 481,6424 306,546
19 HandRight 485,5105 316,1551
19 HipLeft 449,7079 328,8262
19 KneeLeft 447,6784 367,476
19 AnkleLeft 455,9681 419,6807
19 FootLeft 459,2367 433,1717
19 HipRight 464,7996 326,2556
19 KneeRight 479,3679 373,8893
19 AnkleRight 486,6133 424,5477
19 FootRight 490,8774 438,9151
19 SpineShoulder 436,1405 251,5011
19 HandTipLeft 400,9853 324,2313
19 ThumbLeft 401,0229 324,2313
19 HandTipRight 492,8309 323,4684
19 ThumbRight 481,3582 319,2346
20 SpineBase 457,1898 327,7048
20 SpineMid 444,6659 282,278
20 Neck 433,5589 241,9449
20 Head 427,4915 229,8172
20 ShoulderLeft 420,5101 254,2109
20 ElbowLeft 421,3476 286,9834
20 WristLeft 408,0623 312,88
20 HandLeft 402,6986 319,9306
20 ShoulderRight 451,9499 246,8549
20 ElbowRight 468,2669 272,6031
20 WristRight 493,2343 300,9772
20 HandRight 507,8448 317,0912
20 HipLeft 449,8075 329,0053
20 KneeLeft 447,5417 369,1516
20 AnkleLeft 456,004 419,7455
20 FootLeft 459,3717 433,5681
20 HipRight 464,782 326,3905
20 KneeRight 479,5958 374,8461
20 AnkleRight 486,6201 424,5486
20 FootRight 490,7948 439,2913
20 SpineShoulder 436,2239 251,6014
20 HandTipLeft 399,9612 326,3781
20 ThumbLeft 399,9991 326,3781
20 HandTipRight 510,8263 319,8172
20 ThumbRight 509,5468 315,6936
21 SpineBase 451,7166 331,2269
21 SpineMid 443,5024 282,9721
21 Neck 433,5335 241,8857
21 Head 427,4968 229,8158
21 ShoulderLeft 420,2478 254,1769
21 ElbowLeft 419,9397 286,5718
21 WristLeft 406,1136 317,9661
21 HandLeft 400,8003 328,1936
21 ShoulderRight 447,7018 253,7269
21 ElbowRight 470,1212 277,6822
21 WristRight 496,8538 301,4514
21 HandRight 519,8624 319,8128
21 HipLeft 446,2041 331,1342
21 KneeLeft 447,8238 378,2485
21 AnkleLeft 456,8953 423,8159
21 FootLeft 457,7632 436,4279
21 HipRight 458,2463 330,7763
21 KneeRight 475,3449 380,9053
21 AnkleRight 486,8307 425,2845
21 FootRight 489,7437 439,1298
21 SpineShoulder 436,0895 251,6232
21 HandTipLeft 401,3333 337,7701
21 ThumbLeft 402,7621 338,1135
21 HandTipRight 525,6049 329,9277
21 ThumbRight 518,6691 312,1954
22 SpineBase 452,9459 331,7469
22 SpineMid 443,3964 283,7817
22 Neck 433,6115 241,8981
22 Head 427,4519 229,9066
22 ShoulderLeft 420,1972 255,2975
22 ElbowLeft 425,2834 287,012
22 WristLeft 405,091 311,7038
22 HandLeft 402,1432 319,7686
22 ShoulderRight 450,3666 246,8013
22 ElbowRight 470,4877 271,3503
22 WristRight 501,8711 292,6867
22 HandRight 523,8144 310,394
22 HipLeft 445,9184 333,7341
22 KneeLeft 449,5236 372,784
22 AnkleLeft 456,1362 419,8677
22 FootLeft 459,4206 433,4159
22 HipRight 459,7418 330,3834
22 KneeRight 479,2073 376,434
22 AnkleRight 486,6717 424,5758
22 FootRight 491,3315 438,7119
22 SpineShoulder 436,1388 251,7159
22 HandTipLeft 400,4297 327,6557
22 ThumbLeft 400,3759 320,4951
22 HandTipRight 528,6694 318,4181
22 ThumbRight 529,0919 308,2645
23 SpineBase 453,0735 330,4022
23 SpineMid 443,2657 283,6269
23 Neck 433,6082 241,9073
23 Head 427,4336 229,9994
23 ShoulderLeft 420,4557 255,2238
23 ElbowLeft 425,4434 286,9221
23 WristLeft 413,6808 315,599
23 HandLeft 404,1028 316,1857
23 ShoulderRight 450,4102 246,8313
23 ElbowRight 471,0386 270,4099
23 WristRight 503,7914 287,4951
23 HandRight 529,3733 300,3114
23 HipLeft 445,8748 331,7822
23 KneeLeft 448,1322 369,4521
23 AnkleLeft 456,1392 419,8689
23 FootLeft 459,6605 433,4581
23 HipRight 460,3398 328,5063
23 KneeRight 479,2598 376,2075
23 AnkleRight 486,714 424,6161
23 FootRight 491,3524 438,7457
23 SpineShoulder 436,0998 251,747
23 HandTipLeft 404,1353 316,7202
23 ThumbLeft 402,3203 316,9416
23 HandTipRight 537,9479 307,4942
23 ThumbRight 531,6971 295,3342
24 SpineBase 453,1223 330,1331
24 SpineMid 443,1947 283,6106
24 Neck 433,5016 241,9886
24 Head 427,5061 229,922
24 ShoulderLeft 420,5988 255,1341
24 ElbowLeft 425,5429 286,7695
24 WristLeft 412,9258 303,4013
24 HandLeft 402,3083 309,9553
24 ShoulderRight 450,4162 246,8291
24 ElbowRight 472,0925 269,1873
24 WristRight 508,5247 279,0716
24 HandRight 534,7701 289,9862
24 HipLeft 445,7595 331,3447
24 KneeLeft 448,1491 368,9347
24 AnkleLeft 456,1992 420,0729
24 FootLeft 459,6959 433,5941
24 HipRight 460,748 328,3713
24 KneeRight 479,3533 376,0302
24 AnkleRight 486,7051 424,624
24 FootRight 491,3184 438,793
24 SpineShoulder 435,9694 251,8312
24 HandTipLeft 404,2223 312,444
24 ThumbLeft 402,3756 309,9553
24 HandTipRight 544,2141 296,5814
24 ThumbRight 538,6274 285,1644
25 SpineBase 452,6815 329,8205
25 SpineMid 443,0818 283,5908
25 Neck 433,5682 242,0435
25 Head 427,5091 229,9445
25 ShoulderLeft 420,7913 254,94
25 ElbowLeft 425,6536 286,5412
25 WristLeft 414,4329 317,9398
25 HandLeft 401,5021 321,8272
25 ShoulderRight 450,6013 247,0322
25 ElbowRight 473,336 268,135
25 WristRight 510,7893 271,3022
25 HandRight 536,6043 276,8755
25 HipLeft 444,9708 330,7771
25 KneeLeft 448,2107 368,3813
25 AnkleLeft 456,2036 420,0644
25 FootLeft 459,5396 433,5181
25 HipRight 460,4627 328,3385
25 KneeRight 479,4492 375,6197
25 AnkleRight 486,733 424,6316
25 FootRight 491,2036 438,8478
25 SpineShoulder 435,9719 251,867
25 HandTipLeft 400,0102 327,449
25 ThumbLeft 400,5512 327,4417
25 HandTipRight 546,2772 281,78
25 ThumbRight 539,4827 271,8229
26 SpineBase 452,8231 329,7067
26 SpineMid 443,0843 283,592
26 Neck 433,5877 242,0907
26 Head 427,5318 229,9595
26 ShoulderLeft 420,9744 254,8969
26 ElbowLeft 425,7503 286,4817
26 WristLeft 414,4309 317,7564
26 HandLeft 400,6844 323,2672
26 ShoulderRight 450,6584 247,0306
26 ElbowRight 474,5208 266,6456
26 WristRight 511,9688 266,075
26 HandRight 536,4609 262,8367
26 HipLeft 445,1359 330,6515
26 KneeLeft 448,6333 368,4866
26 AnkleLeft 456,2003 420,0496
26 FootLeft 459,3986 433,2013
26 HipRight 460,606 328,3079
26 KneeRight 479,4578 375,5498
26 AnkleRight 486,2478 424,1017
26 FootRight 493,4232 439,3164
26 SpineShoulder 435,9741 251,9077
26 HandTipLeft 399,9314 326,3796
26 ThumbLeft 400,3153 325,3087
26 HandTipRight 544,5151 264,0619
26 ThumbRight 534,4097 257,2268
27 SpineBase 451,5496 329,2461
27 SpineMid 443,1224 283,491
27 Neck 435,3843 241,8947
27 Head 427,6212 229,969
27 ShoulderLeft 420,9923 254,8624
27 ElbowLeft 425,838 286,3999
27 WristLeft 414,3379 317,1678
27 HandLeft 400,9508 323,1607
27 ShoulderRight 450,7455 247,0549
27 ElbowRight 475,3855 264,6496
27 WristRight 510,2686 252,9615
27 HandRight 534,0862 249,2416
27 HipLeft 443,8003 329,9355
27 KneeLeft 448,4939 368,0551
27 AnkleLeft 456,2292 420,1615
27 FootLeft 459,4219 433,4499
27 HipRight 459,4129 328,3667
27 KneeRight 479,457 375,3844
27 AnkleRight 486,3351 424,1033
27 FootRight 490,6508 438,3305
27 SpineShoulder 436,9607 251,7933
27 HandTipLeft 400,9948 324,2313
27 ThumbLeft 400,5818 325,1956
27 HandTipRight 543,3482 249,4573
27 ThumbRight 534,9155 245,1721
28 SpineBase 451,765 330,3604
28 SpineMid 443,053 283,7443
28 Neck 435,2813 241,9373
28 Head 427,8094 230,0076
28 ShoulderLeft 420,2308 256,5533
28 ElbowLeft 419,55 280,2812
28 WristLeft 414,6593 314,9064
28 HandLeft 420,0807 324,8176
28 ShoulderRight 452,0095 247,857
28 ElbowRight 475,9706 262,5092
28 WristRight 507,4139 244,4213
28 HandRight 527,2805 236,4926
28 HipLeft 444,071 330,935
28 KneeLeft 448,7512 369,4269
28 AnkleLeft 456,2169 420,2013
28 FootLeft 459,2799 433,598
28 HipRight 459,4679 330,2988
28 KneeRight 477,8971 364,2454
28 AnkleRight 486,5139 423,9644
28 FootRight 490,7416 438,0688
28 SpineShoulder 436,9229 251,8582
28 HandTipLeft 421,0383 330,8219
28 ThumbLeft 420,9682 319,1322
28 HandTipRight 536,5219 233,8933
28 ThumbRight 529,1794 231,8102
29 SpineBase 451,2506 329,7304
29 SpineMid 442,8717 283,6272
29 Neck 435,2588 241,9479
29 Head 427,9981 230,0281
29 ShoulderLeft 420,1885 256,6027
29 ElbowLeft 418,6299 279,7484
29 WristLeft 411,2456 303,7804
29 HandLeft 400,3693 299,7959
29 ShoulderRight 452,2148 248,0018
29 ElbowRight 475,5627 260,2354
29 WristRight 503,0938 237,3942
29 HandRight 519,0093 226,6006
29 HipLeft 442,2304 329,4218
29 KneeLeft 448,2806 365,8198
29 AnkleLeft 456,2165 420,2025
29 FootLeft 459,2098 433,1505
29 HipRight 458,7807 327,6953
29 KneeRight 479,7153 374,863
29 AnkleRight 486,5717 424,4445
29 FootRight 493,6569 439,7115
29 SpineShoulder 436,9048 251,8687
29 HandTipLeft 401,2775 305,6918
29 ThumbLeft 401,1065 293,98
29 HandTipRight 525,2422 221,5261
29 ThumbRight 516,8086 223,0294
30 SpineBase 450,8649 328,5214
30 SpineMid 442,7182 283,266
30 Neck 435,243 241,9348
30 Head 428,3036 229,9668
30 ShoulderLeft 420,1496 256,6789
30 ElbowLeft 417,6697 281,8444
30 WristLeft 411,2306 306,6219
30 HandLeft 401,4018 321,8815
30 ShoulderRight 452,4791 247,6553
30 ElbowRight 474,8722 258,0211
30 WristRight 498,422 231,6516
30 HandRight 507,764 221,6654
30 HipLeft 442,4371 328,5372
30 KneeLeft 448,1609 365,0704
30 AnkleLeft 456,2403 420,1745
30 FootLeft 459,3834 433,1484
30 HipRight 458,5742 327,2915
30 KneeRight 477,1545 380,662
30 AnkleRight 480,3444 423,9657
30 FootRight 491,5787 433,4039
30 SpineShoulder 436,8906 251,8377
30 HandTipLeft 400,4571 324,2361
30 ThumbLeft 400,7784 323,4352
30 HandTipRight 512,2011 216,0885
30 ThumbRight 504,8435 218,8237
31 SpineBase 453,4148 329,865
31 SpineMid 443,3 283,6047
31 Neck 435,237 241,9351
31 Head 428,4354 229,9159
31 ShoulderLeft 420,3703 256,9086
31 ElbowLeft 417,447 282,488
31 WristLeft 424,6846 317,6054
31 HandLeft 427,27 327,5772
31 ShoulderRight 452,6967 247,4389
31 ElbowRight 474,1023 256,2568
31 WristRight 493,7431 227,3374
31 HandRight 500,0847 217,4641
31 HipLeft 446,3005 330,5396
31 KneeLeft 448,1784 366,3783
31 AnkleLeft 456,2608 420,1597
31 FootLeft 459,7845 433,3807
31 HipRight 460,4402 329,1205
31 KneeRight 477,7061 381,3731
31 AnkleRight 481,1437 424,5222
31 FootRight 490,7447 432,5216
31 SpineShoulder 436,9319 251,8742
31 HandTipLeft 425,6406 337,4227
31 ThumbLeft 434,0451 326,1871
31 HandTipRight 505,2026 210,8611
31 ThumbRight 495,6485 215,5569
32 SpineBase 452,588 328,7095
32 SpineMid 443,215 283,3888
32 Neck 435,2293 241,9342
32 Head 428,5457 229,9086
32 ShoulderLeft 420,2308 257,3269
32 ElbowLeft 417,0609 288,5917
32 WristLeft 423,3293 322,1489
32 HandLeft 424,7575 331,9611
32 ShoulderRight 452,8781 247,207
32 ElbowRight 473,0186 254,1598
32 WristRight 488,8154 223,4379
32 HandRight 491,7942 214,3595
32 HipLeft 445,0598 328,8145
32 KneeLeft 448,0251 364,45
32 AnkleLeft 456,2683 420,1566
32 FootLeft 459,8535 433,1027
32 HipRight 459,4179 327,4532
32 KneeRight 477,0927 379,8753
32 AnkleRight 480,8128 423,077
32 FootRight 490,6597 432,424
32 SpineShoulder 436,9369 251,8718
32 HandTipLeft 426,3229 341,7914
32 ThumbLeft 428,6161 329,8532
32 HandTipRight 493,8276 206,8668
32 ThumbRight 485,7419 209,913
33 SpineBase 452,5131 328,4251
33 SpineMid 443,1637 283,3231
33 Neck 435,0233 241,9595
33 Head 428,6241 229,863
33 ShoulderLeft 420,2476 257,3353
33 ElbowLeft 420,0781 282,8224
33 WristLeft 417,2311 308,2664
33 HandLeft 419,6211 317,0515
33 ShoulderRight 453,4892 247,4689
33 ElbowRight 468,6166 273,89
33 WristRight 481,2267 241,5223
33 HandRight 487,9711 209,097
33 HipLeft 445,0583 328,7358
33 KneeLeft 448,1342 364,6548
33 AnkleLeft 456,3048 420,1147
33 FootLeft 459,8658 433,053
33 HipRight 459,5007 327,1074
33 KneeRight 477,1213 379,7458
33 AnkleRight 480,5609 423,1364
33 FootRight 490,7339 432,507
33 SpineShoulder 436,863 251,877
33 HandTipLeft 420,5509 324,662
33 ThumbLeft 424,0294 318,6668
33 HandTipRight 487,3752 199,5381
33 ThumbRight 484,1446 203,1599
34 SpineBase 452,0105 328,547
34 SpineMid 442,9875 283,3399
34 Neck 434,8487 241,9844
34 Head 428,7219 229,8418
34 ShoulderLeft 420,2322 257,3247
34 ElbowLeft 416,205 288,8412
34 WristLeft 410,9126 316,101
34 HandLeft 418,0093 323,005
34 ShoulderRight 455,8504 248,4577
34 ElbowRight 470,5806 275,4198
34 WristRight 478,5343 241,5354
34 HandRight 485,4164 224,2323
34 HipLeft 444,6175 328,8545
34 KneeLeft 448,2538 364,9332
34 AnkleLeft 456,3824 420,1138
34 FootLeft 459,6382 433,0864
34 HipRight 459,1772 327,9
34 KneeRight 477,325 380,964
34 AnkleRight 480,7419 424,5688
34 FootRight 491,5729 433,0046
34 SpineShoulder 436,7277 251,9076
34 HandTipLeft 418,0586 325,1439
34 ThumbLeft 418,0678 322,4709
34 HandTipRight 486,642 223,575
34 ThumbRight 485,29 224,0663
35 SpineBase 451,0896 328,5896
35 SpineMid 442,549 283,3519
35 Neck 434,5651 242,0614
35 Head 428,7388 229,8212
35 ShoulderLeft 420,1939 257,3267
35 ElbowLeft 418,3126 289,1925
35 WristLeft 425,0231 324,4529
35 HandLeft 425,7192 335,192
35 ShoulderRight 455,9192 248,3296
35 ElbowRight 470,7673 275,4587
35 WristRight 478,4757 241,4462
35 HandRight 484,3242 224,8871
35 HipLeft 443,7414 328,8589
35 KneeLeft 447,2904 362,0383
35 AnkleLeft 456,4537 420,0956
35 FootLeft 459,8973 433,3844
35 HipRight 458,7569 328,1915
35 KneeRight 477,3659 381,5041
35 AnkleRight 481,2479 425,2787
35 FootRight 492,4586 433,6125
35 SpineShoulder 436,4639 251,9761
35 HandTipLeft 430,5639 345,7784
35 ThumbLeft 429,7332 331,8062
35 HandTipRight 484,5195 223,5949
35 ThumbRight 482,6681 224,4199
36 SpineBase 451,2059 328,5233
36 SpineMid 442,4547 283,3195
36 Neck 434,4123 242,0951
36 Head 428,8284 229,8062
36 ShoulderLeft 420,1386 257,3487
36 ElbowLeft 418,3581 288,0966
36 WristLeft 425,6365 321,909
36 HandLeft 425,2296 331,0935
36 ShoulderRight 455,8917 248,3249
36 ElbowRight 470,9907 275,4568
36 WristRight 478,9854 241,4836
36 HandRight 484,9084 226,1609
36 HipLeft 443,6605 328,9175
36 KneeLeft 447,2766 362,2168
36 AnkleLeft 456,4973 420,1262
36 FootLeft 459,9907 433,546
36 HipRight 459,0994 328,019
36 KneeRight 477,4654 381,4755
36 AnkleRight 480,9241 425,1484
36 FootRight 492,3206 433,5279
36 SpineShoulder 436,3478 251,9985
36 HandTipLeft 427,3603 341,708
36 ThumbLeft 429,821 331,4421
36 HandTipRight 485,1591 223,5899
36 ThumbRight 482,6131 224,0444
37 SpineBase 451,1913 328,6615
37 SpineMid 442,3296 283,4015
37 Neck 434,2323 242,1965
37 Head 428,8781 229,8015
37 ShoulderLeft 419,9914 257,4522
37 ElbowLeft 416,3199 283,3275
37 WristLeft 425,7737 308,4821
37 HandLeft 428,822 316,635
37 ShoulderRight 456,0039 248,5491
37 ElbowRight 471,1792 275,8043
37 WristRight 480,585 242,5791
37 HandRight 486,3727 228,1689
37 HipLeft 443,4954 329,153
37 KneeLeft 447,347 362,5084
37 AnkleLeft 456,5438 420,1392
37 FootLeft 460,085 433,6923
37 HipRight 459,2348 328,0883
37 KneeRight 477,5805 381,7213
37 AnkleRight 481,0941 425,4859
37 FootRight 492,6225 433,7003
37 SpineShoulder 436,1909 252,0954
37 HandTipLeft 435,2954 325,5213
37 ThumbLeft 436,3948 310,1002
37 HandTipRight 487,8324 224,7762
37 ThumbRight 481,0002 225,3523
38 SpineBase 451,4469 329,0857
38 SpineMid 442,3088 283,5475
38 Neck 434,0557 242,3053
38 Head 428,8984 229,8062
38 ShoulderLeft 419,7782 257,6469
38 ElbowLeft 416,2336 283,3996
38 WristLeft 424,4167 318,6318
38 HandLeft 426,3266 328,1778
38 ShoulderRight 455,8997 248,5397
38 ElbowRight 471,0322 275,7404
38 WristRight 483,3918 244,5847
38 HandRight 487,9376 232,3597
38 HipLeft 444,4814 330,5519
38 KneeLeft 447,633 366,7684
38 AnkleLeft 456,5583 420,0668
38 FootLeft 460,4336 434,4679
38 HipRight 459,6227 329,2342
38 KneeRight 477,9365 382,7202
38 AnkleRight 480,6834 426,3431
38 FootRight 491,8607 432,9573
38 SpineShoulder 436,0607 252,2121
38 HandTipLeft 425,3824 338,605
38 ThumbLeft 434,0276 327,1214
38 HandTipRight 489,3468 226,9758
38 ThumbRight 481,1625 227,3959
39 SpineBase 451,148 328,4676
39 SpineMid 442,1048 283,3787
39 Neck 433,8983 242,3297
39 Head 428,8894 229,816
39 ShoulderLeft 419,6577 257,7395
39 ElbowLeft 416,8591 282,7059
39 WristLeft 424,5847 315,8645
39 HandLeft 426,4751 325,7391
39 ShoulderRight 456,0039 248,7455
39 ElbowRight 471,0681 275,945
39 WristRight 486,6145 247,7104
39 HandRight 491,187 232,1013
39 HipLeft 443,579 329,1727
39 KneeLeft 448,2426 365,569
39 AnkleLeft 456,655 419,9975
39 FootLeft 460,2696 433,991
39 HipRight 459,2791 328,1515
39 KneeRight 477,6931 381,8276
39 AnkleRight 480,919 425,4215
39 FootRight 492,0907 433,2287
39 SpineShoulder 435,9085 252,2057
39 HandTipLeft 426,5013 336,3683
39 ThumbLeft 435,4079 322,1683
39 HandTipRight 493,1241 223,138
39 ThumbRight 483,5382 233,1549
40 SpineBase 452,0897 328,9899
40 SpineMid 442,1994 283,4732
40 Neck 433,7498 242,3862
40 Head 428,7974 229,8901
40 ShoulderLeft 419,5574 257,7952
40 ElbowLeft 415,7834 282,8112
40 WristLeft 423,994 318,0958
40 HandLeft 425,8969 328,1416
40 ShoulderRight 455,6973 248,3503
40 ElbowRight 470,3581 275,3345
40 WristRight 489,9738 251,7601
40 HandRight 494,0152 242,1799
40 HipLeft 445,2875 330,0259
40 KneeLeft 449,1364 368,1918
40 AnkleLeft 456,691 420,0565
40 FootLeft 460,3683 434,0446
40 HipRight 459,9304 328,5282
40 KneeRight 478,0343 382,341
40 AnkleRight 480,9795 425,9957
40 FootRight 492,2213 433,2022
40 SpineShoulder 435,8373 252,2519
40 HandTipLeft 425,476 338,6648
40 ThumbLeft 433,8219 326,1775
40 HandTipRight 499,3926 235,4569
40 ThumbRight 493,2455 236,697
41 SpineBase 451,395 328,2927
41 SpineMid 441,9609 283,3725
41 Neck 433,5594 242,5261
41 Head 428,6654 230,0077
41 ShoulderLeft 419,4992 257,8094
41 ElbowLeft 415,0412 282,9055
41 WristLeft 423,9881 318,0427
41 HandLeft 424,0608 326,5975
41 ShoulderRight 455,5286 248,2052
41 ElbowRight 469,7858 275,1797
41 WristRight 494,8559 258,6017
41 HandRight 495,4507 254,1467
41 HipLeft 443,1587 328,0719
41 KneeLeft 448,8144 365,0999
41 AnkleLeft 456,758 420,071
41 FootLeft 460,4081 433,5173
41 HipRight 459,191 327,7558
41 KneeRight 477,5971 381,5251
41 AnkleRight 480,7671 425,345
41 FootRight 492,212 433,3477
41 SpineShoulder 435,6372 252,336
41 HandTipLeft 424,7055 332,967
41 ThumbLeft 429,3293 326,43
41 HandTipRight 502,9561 249,7713
41 ThumbRight 488,4942 254,0574
42 SpineBase 451,4529 328,8437
42 SpineMid 441,888 283,5217
42 Neck 433,3538 242,5812
42 Head 428,5226 230,0588
42 ShoulderLeft 419,2008 258,2797
42 ElbowLeft 411,4915 282,7135
42 WristLeft 423,2599 316,9352
42 HandLeft 425,792 326,1548
42 ShoulderRight 455,3139 247,9956
42 ElbowRight 469,4164 274,8832
42 WristRight 490,6027 267,9771
42 HandRight 494,3646 262,4817
42 HipLeft 443,6258 329,3072
42 KneeLeft 449,0451 366,6325
42 AnkleLeft 456,7576 419,8568
42 FootLeft 460,6746 433,5366
42 HipRight 459,1497 328,847
42 KneeRight 477,7729 382,451
42 AnkleRight 481,6478 426,3435
42 FootRight 492,7337 433,3958
42 SpineShoulder 435,457 252,4209
42 HandTipLeft 424,3058 336,3269
42 ThumbLeft 433,9539 325,13
42 HandTipRight 503,9588 262,1197
42 ThumbRight 486,5183 264,2785
43 SpineBase 450,8344 328,0827
43 SpineMid 441,5381 283,3346
43 Neck 433,0953 242,6663
43 Head 428,4346 230,1897
43 ShoulderLeft 419,1746 258,2501
43 ElbowLeft 412,3538 282,9011
43 WristLeft 424,8913 316,9807
43 HandLeft 428,0392 325,6289
43 ShoulderRight 454,8478 247,6609
43 ElbowRight 465,1591 274,894
43 WristRight 490,3558 274,2886
43 HandRight 494,566 271,4519
43 HipLeft 442,9474 328,338
43 KneeLeft 448,8458 365,2403
43 AnkleLeft 456,7993 419,8932
43 FootLeft 460,7941 433,3405
43 HipRight 458,2284 327,3195
43 KneeRight 480,9073 374,44
43 AnkleRight 486,915 423,4935
43 FootRight 491,8672 438,0258
43 SpineShoulder 435,1763 252,4526
43 HandTipLeft 424,8582 336,3222
43 ThumbLeft 435,8802 327,4906
43 HandTipRight 504,6223 272,7049
43 ThumbRight 486,2627 276,248
44 SpineBase 450,3666 327,5977
44 SpineMid 441,2385 283,1202
44 Neck 432,8445 242,548
44 Head 427,6259 230,1035
44 ShoulderLeft 419,0642 258,0059
44 ElbowLeft 413,7158 288,9555
44 WristLeft 422,5879 324,1059
44 HandLeft 422,6068 333,1781
44 ShoulderRight 454,1703 247,5828
44 ElbowRight 466,3021 274,7191
44 WristRight 489,5 280,9583
44 HandRight 493,4451 279,5665
44 HipLeft 442,2536 327,6631
44 KneeLeft 448,8593 364,917
44 AnkleLeft 456,8515 419,9763
44 FootLeft 460,7932 433,2504
44 HipRight 458,122 327,1221
44 KneeRight 476,8238 380,6834
44 AnkleRight 479,9559 424,1646
44 FootRight 491,319 432,6264
44 SpineShoulder 434,9084 252,3229
44 HandTipLeft 427,2886 343,533
44 ThumbLeft 426,2561 331,6387
44 HandTipRight 501,51 284,9141
44 ThumbRight 484,1302 285,9288
45 SpineBase 450,287 327,5478
45 SpineMid 440,6475 282,9536
45 Neck 431,3863 242,3725
45 Head 427,4333 229,9799
45 ShoulderLeft 418,9558 257,9963
45 ElbowLeft 413,0685 288,0241
45 WristLeft 424,0919 321,0578
45 HandLeft 423,8268 329,5371
45 ShoulderRight 453,8049 247,6563
45 ElbowRight 466,8325 274,6696
45 WristRight 484,9412 293,4529
45 HandRight 491,7938 287,4277
45 HipLeft 442,2323 327,6627
45 KneeLeft 448,806 364,7379
45 AnkleLeft 456,8259 420,0114
45 FootLeft 460,7188 433,2621
45 HipRight 458,1511 327,0688
45 KneeRight 476,9645 380,6654
45 AnkleRight 479,8091 424,2545
45 FootRight 491,445 432,667
45 SpineShoulder 433,6672 252,1418
45 HandTipLeft 427,5912 341,1208
45 ThumbLeft 427,501 329,3853
45 HandTipRight 498,3137 292,5473
45 ThumbRight 488,162 293,1557
46 SpineBase 450,0158 327,627
46 SpineMid 440,3675 282,965
46 Neck 431,2317 242,4167
46 Head 427,5672 230,5622
46 ShoulderLeft 418,8001 258,1857
46 ElbowLeft 409,2727 281,6858
46 WristLeft 422,2913 315,451
46 HandLeft 425,6325 324,757
46 ShoulderRight 454,3161 248,8449
46 ElbowRight 468,3857 275,9434
46 WristRight 484,3538 285,2605
46 HandRight 489,7115 289,571
46 HipLeft 442,0191 327,7438
46 KneeLeft 448,6992 364,3279
46 AnkleLeft 456,8282 420,0085
46 FootLeft 460,4475 433,27
46 HipRight 458,0265 327,2483
46 KneeRight 476,9971 380,9039
46 AnkleRight 479,3165 424,7209
46 FootRight 491,5095 432,6349
46 SpineShoulder 433,4771 252,1798
46 HandTipLeft 424,2084 335,0296
46 ThumbLeft 434,1393 322,0997
46 HandTipRight 495,5004 297,0293
46 ThumbRight 482,0543 296,2855
47 SpineBase 449,9965 327,7134
47 SpineMid 440,258 283,326
47 Neck 431,151 243,2419
47 Head 427,6346 230,3697
47 ShoulderLeft 418,7536 258,2549
47 ElbowLeft 409,1808 282,9789
47 WristLeft 422,724 316,6149
47 HandLeft 425,7356 325,686
47 ShoulderRight 454,6207 249,217
47 ElbowRight 468,5028 276,3897
47 WristRight 483,4441 285,8105
47 HandRight 487,9679 291,038
47 HipLeft 441,9824 327,9468
47 KneeLeft 448,6686 364,2743
47 AnkleLeft 456,898 420,235
47 FootLeft 460,5481 433,4763
47 HipRight 458,036 327,291
47 KneeRight 476,9888 380,9579
47 AnkleRight 479,6461 424,9367
47 FootRight 491,8454 432,8555
47 SpineShoulder 433,3659 252,879
47 HandTipLeft 424,2944 336,327
47 ThumbLeft 433,6922 324,9612
47 HandTipRight 496,0714 298,7119
47 ThumbRight 480,8318 298,7315
48 SpineBase 450,1873 328,956
48 SpineMid 440,929 283,9872
48 Neck 432,9257 243,531
48 Head 427,3416 228,68
48 ShoulderLeft 419,3998 259,1761
48 ElbowLeft 413,6753 289,5287
48 WristLeft 424,5534 321,0931
48 HandLeft 424,4529 328,24
48 ShoulderRight 454,2609 248,8504
48 ElbowRight 467,7171 275,9377
48 WristRight 486,648 295,5568
48 HandRight 489,3864 298,6737
48 HipLeft 442,5032 329,5569
48 KneeLeft 448,9834 366,1172
48 AnkleLeft 456,9496 420,3042
48 FootLeft 461,401 433,8426
48 HipRight 458,0891 329,3813
48 KneeRight 477,4633 382,9215
48 AnkleRight 479,5815 426,9009
48 FootRight 491,8723 432,4294
48 SpineShoulder 434,7665 253,2938
48 HandTipLeft 425,3916 335,2479
48 ThumbLeft 428,9922 324,3035
48 HandTipRight 495,5832 300,3285
48 ThumbRight 485,9001 300,6185
49 SpineBase 449,8038 332,583
49 SpineMid 440,1153 284,0864
49 Neck 429,1561 238,9095
49 Head 426,6994 227,1912
49 ShoulderLeft 415,0208 247,9912
49 ElbowLeft 418,8773 254,7693
49 WristLeft 444,4687 250,2149
49 HandLeft 443,4565 239,067
49 ShoulderRight 455,007 251,6611
49 ElbowRight 467,6625 279,2391
49 WristRight 487,9454 294,8056
49 HandRight 489,9161 296,0446
49 HipLeft 442,0261 332,2213
49 KneeLeft 449,3621 367,7842
49 AnkleLeft 457,0031 420,5239
49 FootLeft 456,7853 434,483
49 HipRight 457,8885 332,822
49 KneeRight 478,3987 386,527
49 AnkleRight 480,377 430,5809
49 FootRight 492,2969 432,0048
49 SpineShoulder 432,0998 250,491
49 HandTipLeft 444,5426 245,2589
49 ThumbLeft 439,6454 240,447
49 HandTipRight 488,6663 297,698
49 ThumbRight 486,7708 297,1761
50 SpineBase 449,8972 333,1651
50 SpineMid 440,3272 285,0061
50 Neck 432,0477 242,9075
50 Head 427,23 229,9662
50 ShoulderLeft 415,6014 248,723
50 ElbowLeft 425,4575 258,2151
50 WristLeft 451,1689 260,6552
50 HandLeft 459,9462 263,5934
50 ShoulderRight 453,7963 247,5065
50 ElbowRight 464,7957 274,2127
50 WristRight 488,4617 283,2512
50 HandRight 491,5525 279,7766
50 HipLeft 441,8185 333,0947
50 KneeLeft 449,5264 368,3967
50 AnkleLeft 456,868 420,2704
50 FootLeft 458,6509 434,5292
50 HipRight 458,2229 333,3217
50 KneeRight 478,7286 387,1785
50 AnkleRight 480,7558 431,2827
50 FootRight 492,237 431,699
50 SpineShoulder 433,5914 252,6403
50 HandTipLeft 467,3861 266,5425
50 ThumbLeft 454,9453 257,7669
50 HandTipRight 495,0569 287,6197
50 ThumbRight 481,6347 282,4602
51 SpineBase 451,3521 335,8703
51 SpineMid 441,0969 286,2798
51 Neck 432,15 242,9019
51 Head 427,1451 230,2676
51 ShoulderLeft 415,713 248,8147
51 ElbowLeft 428,506 262,7823
51 WristLeft 454,7037 267,0682
51 HandLeft 464,288 268,6332
51 ShoulderRight 453,7452 247,5133
51 ElbowRight 463,6667 275,3675
51 WristRight 491,4528 278,0988
51 HandRight 496,9371 270,6112
51 HipLeft 443,1006 336,0748
51 KneeLeft 449,8802 370,9159
51 AnkleLeft 456,8267 420,2325
51 FootLeft 458,7143 435,2175
51 HipRight 460,0827 336,1401
51 KneeRight 480,0427 390,1862
51 AnkleRight 485,8748 436,1291
51 FootRight 492,6365 448,9886
51 SpineShoulder 434,0381 252,9702
51 HandTipLeft 471,8361 272,2141
51 ThumbLeft 460,4773 260,7044
51 HandTipRight 501,5045 272,3435
51 ThumbRight 488,8238 270,5389
52 SpineBase 452,5062 337,9049
52 SpineMid 441,6208 287,248
52 Neck 432,1865 242,9053
52 Head 427,1223 230,2997
52 ShoulderLeft 416,2325 250,4986
52 ElbowLeft 428,4505 266,7931
52 WristLeft 458,4912 276,5204
52 HandLeft 465,9806 280,5036
52 ShoulderRight 453,769 247,5363
52 ElbowRight 463,7503 275,3943
52 WristRight 495,368 266,0065
52 HandRight 503,0001 261,6098
52 HipLeft 443,5133 339,0168
52 KneeLeft 449,8931 370,5782
52 AnkleLeft 456,8808 420,3626
52 FootLeft 459,4133 435,7357
52 HipRight 462,0595 337,759
52 KneeRight 479,7087 375,2512
52 AnkleRight 486,3612 423,4389
52 FootRight 489,7753 437,6946
52 SpineShoulder 434,2407 253,202
52 HandTipLeft 473,3463 286,0163
52 ThumbLeft 470,4612 273,1745
52 HandTipRight 509,6191 261,6498
52 ThumbRight 495,3104 259,2352
53 SpineBase 452,6238 338,7491
53 SpineMid 441,8397 287,8142
53 Neck 432,2868 242,9077
53 Head 427,1077 230,3173
53 ShoulderLeft 418,1657 254,8838
53 ElbowLeft 426,16 270,6384
53 WristLeft 446,3348 282,9901
53 HandLeft 448,2809 285,4028
53 ShoulderRight 453,5804 247,6171
53 ElbowRight 463,7965 275,6168
53 WristRight 492,3559 259,2339
53 HandRight 507,274 249,0771
53 HipLeft 443,2845 339,6777
53 KneeLeft 450,0313 370,5172
53 AnkleLeft 456,8061 420,3828
53 FootLeft 461,1833 435,6682
53 HipRight 462,3789 338,23
53 KneeRight 479,7352 375,2809
53 AnkleRight 486,3421 423,4613
53 FootRight 491,6281 437,6139
53 SpineShoulder 434,4533 253,3954
53 HandTipLeft 452,4691 284,7875
53 ThumbLeft 454,4653 286,35
53 HandTipRight 513,9368 243,5376
53 ThumbRight 499,5884 244,6396
54 SpineBase 450,9155 339,466
54 SpineMid 441,5057 288,2478
54 Neck 432,2966 242,8863
54 Head 427,1069 230,3479
54 ShoulderLeft 418,1447 254,2641
54 ElbowLeft 433,2008 276,9419
54 WristLeft 454,7887 290,9467
54 HandLeft 455,1908 294,5348
54 ShoulderRight 453,6317 247,719
54 ElbowRight 473,11 267,886
54 WristRight 499,9694 245,4835
54 HandRight 510,5199 236,2944
54 HipLeft 441,5606 339,874
54 KneeLeft 449,9917 368,2132
54 AnkleLeft 456,7931 420,3898
54 FootLeft 461,0382 435,0185
54 HipRight 460,6487 339,2291
54 KneeRight 479,8559 375,3885
54 AnkleRight 486,2491 423,4071
54 FootRight 491,5227 437,5044
54 SpineShoulder 434,456 253,4331
54 HandTipLeft 456,1396 294,2541
54 ThumbLeft 458,2155 294,9914
54 HandTipRight 518,3229 228,6
54 ThumbRight 503,5262 231,1501
55 SpineBase 450,7964 339,5133
55 SpineMid 441,4311 288,2947
55 Neck 432,29 242,8377
55 Head 427,0936 230,338
55 ShoulderLeft 418,2235 254,4425
55 ElbowLeft 433,4143 277,2035
55 WristLeft 447,8823 299,9434
55 HandLeft 450,787 306,3029
55 ShoulderRight 454,3034 248,4598
55 ElbowRight 476,206 267,5007
55 WristRight 498,6978 240,1599
55 HandRight 508,1267 230,8347
55 HipLeft 441,0789 339,9188
55 KneeLeft 450,4184 368,1011
55 AnkleLeft 456,8068 420,4003
55 FootLeft 460,9024 435,274
55 HipRight 460,6571 339,246
55 KneeRight 480,0073 375,4601
55 AnkleRight 486,2087 423,4279
55 FootRight 491,3524 437,545
55 SpineShoulder 434,4515 253,4361
55 HandTipLeft 455,7055 306,2787
55 ThumbLeft 453,5294 312,1393
55 HandTipRight 513,5251 224,8424
55 ThumbRight 503,3116 226,6553
56 SpineBase 453,0829 334,3799
56 SpineMid 441,8134 287,0683
56 Neck 432,3219 242,7231
56 Head 427,0524 230,2548
56 ShoulderLeft 418,2087 254,4753
56 ElbowLeft 417,7504 284,0022
56 WristLeft 444,1524 304,2371
56 HandLeft 446,9544 312,8575
56 ShoulderRight 454,2449 248,3826
56 ElbowRight 476,772 266,214
56 WristRight 496,3974 237,0885
56 HandRight 505,6408 225,5847
56 HipLeft 444,8697 335,1054
56 KneeLeft 450,5613 370,6
56 AnkleLeft 456,6749 420,1369
56 FootLeft 460,6991 434,98
56 HipRight 461,4977 333,6552
56 KneeRight 480,0867 375,4192
56 AnkleRight 486,1107 423,3709
56 FootRight 491,146 437,6501
56 SpineShoulder 434,5147 253,29
56 HandTipLeft 453,9447 315,127
56 ThumbLeft 454,2074 316,4922
56 HandTipRight 509,7097 220,8141
56 ThumbRight 500,7203 222,1579
57 SpineBase 453,009 333,9984
57 SpineMid 441,8842 286,279
57 Neck 432,3305 242,5353
57 Head 427,0225 230,1914
57 ShoulderLeft 418,2321 254,694
57 ElbowLeft 426,2109 279,2975
57 WristLeft 443,7271 300,6037
57 HandLeft 447,8127 308,1047
57 ShoulderRight 454,8626 249,0136
57 ElbowRight 476,5271 265,0557
57 WristRight 493,6475 235,027
57 HandRight 502,1212 222,3979
57 HipLeft 444,5589 334,2191
57 KneeLeft 451,4151 370,9811
57 AnkleLeft 456,7263 420,0931
57 FootLeft 460,3761 433,9198
57 HipRight 461,5627 333,0677
57 KneeRight 480,253 375,3733
57 AnkleRight 486,0905 422,9226
57 FootRight 491,0581 437,1743
57 SpineShoulder 434,5531 253,0471
57 HandTipLeft 449,6181 319,1452
57 ThumbLeft 454,9394 306,5315
57 HandTipRight 505,9928 218,6199
57 ThumbRight 496,901 220,1592
58 SpineBase 453,1109 333,4644
58 SpineMid 441,9236 286,0476
58 Neck 432,2478 242,49
58 Head 426,9297 229,9759
58 ShoulderLeft 418,0892 253,7965
58 ElbowLeft 428,1306 276,9157
58 WristLeft 446,951 299,7521
58 HandLeft 449,0992 308,8477
58 ShoulderRight 455,1557 249,1827
58 ElbowRight 476,3732 263,6324
58 WristRight 491,4328 233,1221
58 HandRight 498,8159 221,8459
58 HipLeft 444,7766 333,6591
58 KneeLeft 452,0369 371,391
58 AnkleLeft 456,9625 420,3484
58 FootLeft 460,403 434,1355
58 HipRight 461,6222 332,7873
58 KneeRight 480,4676 375,417
58 AnkleRight 486,0464 422,8705
58 FootRight 490,8223 437,0963
58 SpineShoulder 434,5233 252,9734
58 HandTipLeft 452,1382 314,8522
58 ThumbLeft 455,6239 302,5574
58 HandTipRight 500,8536 216,3467
58 ThumbRight 494,1498 218,5201
59 SpineBase 453,4135 333,2324
59 SpineMid 442,1437 285,8229
59 Neck 432,3187 242,4111
59 Head 426,6818 229,7943
59 ShoulderLeft 418,0846 253,4334
59 ElbowLeft 428,1738 280,7289
59 WristLeft 447,4905 311,2016
59 HandLeft 449,5674 319,6891
59 ShoulderRight 455,4319 249,5306
59 ElbowRight 479,3665 272,5092
59 WristRight 488,1297 239,8113
59 HandRight 495,7198 232,8804
59 HipLeft 445,025 333,5009
59 KneeLeft 453,4252 369,0066
59 AnkleLeft 457,1779 420,482
59 FootLeft 460,1883 434,343
59 HipRight 461,9599 332,6252
59 KneeRight 480,5931 375,2988
59 AnkleRight 486,1984 422,2969
59 FootRight 490,9052 436,5024
59 SpineShoulder 434,6292 252,8707
59 HandTipLeft 449,3299 326,9561
59 ThumbLeft 457,9904 315,4045
59 HandTipRight 500,0413 224,528
59 ThumbRight 495,9124 230,8626
60 SpineBase 453,4426 333,1765
60 SpineMid 442,1699 285,7463
60 Neck 432,283 242,3738
60 Head 426,5482 229,7017
60 ShoulderLeft 418,3538 254,2234
60 ElbowLeft 432,1235 277,6567
60 WristLeft 441,1891 307,0214
60 HandLeft 443,7825 314,808
60 ShoulderRight 455,5436 249,5742
60 ElbowRight 468,4286 279,9936
60 WristRight 479,9524 248,1489
60 HandRight 490,2234 243,162
60 HipLeft 445,0575 333,469
60 KneeLeft 451,5429 364,4622
60 AnkleLeft 457,6117 420,8247
60 FootLeft 461,4899 435,5816
60 HipRight 461,9876 332,5908
60 KneeRight 480,9612 375,4846
60 AnkleRight 486,1326 422,373
60 FootRight 490,9967 436,5439
60 SpineShoulder 434,622 252,8232
60 HandTipLeft 441,695 321,6788
60 ThumbLeft 450,7866 312,4213
60 HandTipRight 490,48 241,8185
60 ThumbRight 490,4546 241,0687
61 SpineBase 455,4648 331,144
61 SpineMid 443,0125 284,887
61 Neck 432,3952 242,3906
61 Head 426,3734 229,6325
61 ShoulderLeft 418,397 254,8482
61 ElbowLeft 432,7641 277,6998
61 WristLeft 429,1805 310,2485
61 HandLeft 430,7632 320,7872
61 ShoulderRight 455,8238 249,7941
61 ElbowRight 468,972 280,248
61 WristRight 478,7851 247,8832
61 HandRight 477,9641 239,9431
61 HipLeft 448,4036 331,2526
61 KneeLeft 451,3758 367,6078
61 AnkleLeft 457,9216 420,8744
61 FootLeft 462,157 436,1898
61 HipRight 463,0568 331,031
61 KneeRight 481,1527 375,675
61 AnkleRight 486,1673 422,3249
61 FootRight 491,0527 436,6585
61 SpineShoulder 434,8513 252,7292
61 HandTipLeft 429,6789 328,7855
61 ThumbLeft 438,1352 320,0678
61 HandTipRight 478,2571 238,6457
61 ThumbRight 478,2723 237,9258
62 SpineBase 455,2321 331,4803
62 SpineMid 443,0042 284,8856
62 Neck 432,3507 242,3622
62 Head 426,2852 229,7008
62 ShoulderLeft 418,4802 255,1674
62 ElbowLeft 433,0053 277,9181
62 WristLeft 414,1868 304,7614
62 HandLeft 412,1167 310,6652
62 ShoulderRight 455,2265 248,8988
62 ElbowRight 468,7134 279,1493
62 WristRight 476,5475 246,2918
62 HandRight 474,7377 238,3591
62 HipLeft 446,8263 332,6114
62 KneeLeft 452,7951 365,4876
62 AnkleLeft 457,9909 420,9887
62 FootLeft 461,9904 435,7396
62 HipRight 463,0863 331,1232
62 KneeRight 481,4019 375,7532
62 AnkleRight 486,1421 422,3334
62 FootRight 491,1982 436,6015
62 SpineShoulder 434,8239 252,6943
62 HandTipLeft 416,1071 324,0942
62 ThumbLeft 417,2853 309,1081
62 HandTipRight 475,0415 237,0705
62 ThumbRight 475,0673 236,3576
63 SpineBase 455,3186 331,4989
63 SpineMid 443,0641 284,8451
63 Neck 432,3216 242,3824
63 Head 426,2396 229,683
63 ShoulderLeft 418,1872 253,9508
63 ElbowLeft 432,9941 276,8397
63 WristLeft 415,598 304,3372
63 HandLeft 409,776 312,9537
63 ShoulderRight 455,6418 249,3398
63 ElbowRight 469,1395 279,7387
63 WristRight 474,997 246,2744
63 HandRight 473,0947 238,2846
63 HipLeft 447,0331 332,5548
63 KneeLeft 453,1459 365,7587
63 AnkleLeft 458,1026 421,1706
63 FootLeft 461,6944 435,8117
63 HipRight 463,5951 331,0439
63 KneeRight 481,5051 372,2482
63 AnkleRight 486,1663 422,2934
63 FootRight 490,7457 436,3753
63 SpineShoulder 434,8255 252,6839
63 HandTipLeft 413,2975 320,3753
63 ThumbLeft 413,879 320,3698
63 HandTipRight 473,4052 236,9933
63 ThumbRight 473,4366 236,279
64 SpineBase 455,4951 331,5654
64 SpineMid 443,1771 284,8424
64 Neck 432,3545 242,3991
64 Head 426,326 229,5523
64 ShoulderLeft 418,1759 254,1927
64 ElbowLeft 430,9411 278,1702
64 WristLeft 413,4885 306,7037
64 HandLeft 407,9899 315,8893
64 ShoulderRight 455,6633 249,4326
64 ElbowRight 469,4486 279,8073
64 WristRight 473,9214 245,9492
64 HandRight 471,4197 237,9169
64 HipLeft 447,338 332,5779
64 KneeLeft 453,3853 365,9002
64 AnkleLeft 458,2142 421,1825
64 FootLeft 461,7408 435,7604
64 HipRight 463,8261 331,0752
64 KneeRight 481,7741 372,7782
64 AnkleRight 486,1895 422,38
64 FootRight 490,6857 436,4975
64 SpineShoulder 434,8874 252,6888
64 HandTipLeft 408,5324 324,1635
64 ThumbLeft 409,6954 320,7303
64 HandTipRight 471,7381 236,6201
64 ThumbRight 471,7754 235,9032
65 SpineBase 455,248 331,4348
65 SpineMid 443,1541 284,8182
65 Neck 432,3575 242,4117
65 Head 426,5413 229,2784
65 ShoulderLeft 418,1651 254,2499
65 ElbowLeft 431,8078 277,4576
65 WristLeft 413,985 307,4838
65 HandLeft 404,7042 317,8346
65 ShoulderRight 455,5113 249,0075
65 ElbowRight 469,2043 279,3271
65 WristRight 473,0712 245,3035
65 HandRight 470,6544 237,2076
65 HipLeft 447,0969 332,3443
65 KneeLeft 453,3018 365,2689
65 AnkleLeft 458,2377 421,1895
65 FootLeft 461,8095 435,5581
65 HipRight 463,6998 330,9652
65 KneeRight 482,013 373,1974
65 AnkleRight 486,3272 422,619
65 FootRight 490,8622 436,7425
65 SpineShoulder 434,8889 252,689
65 HandTipLeft 401,6175 326,8984
65 ThumbLeft 407,2712 317,453
65 HandTipRight 470,9776 235,906
65 ThumbRight 471,0179 235,1875
66 SpineBase 455,2968 331,3861
66 SpineMid 443,208 284,7576
66 Neck 432,415 242,4032
66 Head 426,7883 229,2089
66 ShoulderLeft 418,1827 254,2365
66 ElbowLeft 422,9821 284,6435
66 WristLeft 406,8814 313,5242
66 HandLeft 402,9876 322,4393
66 ShoulderRight 455,4086 248,9689
66 ElbowRight 469,1605 279,2594
66 WristRight 472,6739 245,3037
66 HandRight 468,9977 237,7615
66 HipLeft 447,2058 332,2343
66 KneeLeft 452,8485 365,2307
66 AnkleLeft 458,2708 421,2081
66 FootLeft 461,9134 435,5984
66 HipRight 463,7323 330,8571
66 KneeRight 482,2769 374,2659
66 AnkleRight 486,3366 422,6483
66 FootRight 490,7785 436,8044
66 SpineShoulder 434,9529 252,6595
66 HandTipLeft 400,1027 332,7906
66 ThumbLeft 401,7806 327,209
66 HandTipRight 469,3306 236,4441
66 ThumbRight 469,3773 235,716
67 SpineBase 455,2021 331,375
67 SpineMid 443,1983 284,7372
67 Neck 432,4441 242,4198
67 Head 427,1173 229,1473
67 ShoulderLeft 418,2451 254,2893
67 ElbowLeft 433,1117 274,3069
67 WristLeft 412,8843 302,6867
67 HandLeft 405,0648 312,0367
67 ShoulderRight 455,3702 248,9504
67 ElbowRight 469,0931 279,1974
67 WristRight 473,2056 245,872
67 HandRight 476,9878 228,866
67 HipLeft 447,1306 332,1967
67 KneeLeft 452,2625 364,9749
67 AnkleLeft 458,3812 421,3293
67 FootLeft 462,1433 435,6793
67 HipRight 463,6382 330,8279
67 KneeRight 482,2644 374,3031
67 AnkleRight 486,535 422,428
67 FootRight 491,0086 436,5591
67 SpineShoulder 434,9774 252,6618
67 HandTipLeft 404,1868 317,253
67 ThumbLeft 405,093 310,2963
67 HandTipRight 477,6504 227,9635
67 ThumbRight 477,6647 229,3081
68 SpineBase 454,6834 331,3786
68 SpineMid 443,1978 284,7016
68 Neck 432,8725 242,2878
68 Head 427,5411 228,7982
68 ShoulderLeft 418,2894 254,3763
68 ElbowLeft 420,899 278,2701
68 WristLeft 407,1717 310,0648
68 HandLeft 402,8072 318,2092
68 ShoulderRight 455,4491 249,0399
68 ElbowRight 469,1298 279,2892
68 WristRight 474,0372 247,3097
68 HandRight 476,9745 231,5416
68 HipLeft 446,454 332,1109
68 KneeLeft 451,9836 364,7946
68 AnkleLeft 458,3766 421,3323
68 FootLeft 462,0768 435,5776
68 HipRight 463,2533 330,8361
68 KneeRight 482,1824 374,363
68 AnkleRight 486,549 422,4325
68 FootRight 490,9479 436,5703
68 SpineShoulder 435,2497 252,5496
68 HandTipLeft 400,0654 325,8428
68 ThumbLeft 403,8196 318,1364
68 HandTipRight 476,7234 230,1254
68 ThumbRight 479,4595 231,1756
69 SpineBase 454,3915 331,2813
69 SpineMid 443,1877 284,6767
69 Neck 433,0332 242,2943
69 Head 427,9009 228,5631
69 ShoulderLeft 418,4865 254,6531
69 ElbowLeft 416,0839 283,863
69 WristLeft 402,4297 315,0319
69 HandLeft 399,2245 323,2061
69 ShoulderRight 455,6428 249,2387
69 ElbowRight 469,133 279,5154
69 WristRight 474,2453 249,4494
69 HandRight 477,627 236,187
69 HipLeft 445,7591 331,3131
69 KneeLeft 452,3293 369,0919
69 AnkleLeft 458,3476 421,3053
69 FootLeft 462,0161 436,0299
69 HipRight 460,7573 330,477
69 KneeRight 482,0103 374,4695
69 AnkleRight 486,6109 422,7976
69 FootRight 490,9499 436,9612
69 SpineShoulder 435,3586 252,5341
69 HandTipLeft 400,0984 329,0504
69 ThumbLeft 397,5583 322,8236
69 HandTipRight 476,3314 232,6132
69 ThumbRight 482,4026 240,9622
70 SpineBase 454,1563 330,8112
70 SpineMid 443,3021 284,4193
70 Neck 433,642 242,1368
70 Head 428,6998 228,3945
70 ShoulderLeft 418,6138 254,7857
70 ElbowLeft 410,0072 278,3783
70 WristLeft 398,1385 308,1037
70 HandLeft 386,2039 317,0118
70 ShoulderRight 455,8342 249,3511
70 ElbowRight 469,3544 279,5161
70 WristRight 477,5289 252,6606
70 HandRight 478,5204 232,8419
70 HipLeft 445,9713 330,6597
70 KneeLeft 451,7236 368,2358
70 AnkleLeft 458,2952 421,3804
70 FootLeft 461,9481 435,8401
70 HipRight 460,7427 330,2857
70 KneeRight 481,4003 374,3831
70 AnkleRight 486,6627 423,304
70 FootRight 491,1009 437,6235
70 SpineShoulder 435,8518 252,3296
70 HandTipLeft 381,4098 322,2603
70 ThumbLeft 384,1533 317,7365
70 HandTipRight 478,9133 225,0237
70 ThumbRight 485,2635 229,953
71 SpineBase 451,0322 332,3145
71 SpineMid 443,0315 284,4625
71 Neck 434,0773 241,8074
71 Head 429,4739 228,2046
71 ShoulderLeft 418,8551 254,9523
71 ElbowLeft 420,2072 284,2979
71 WristLeft 393,6646 304,6833
71 HandLeft 386,5088 309,5047
71 ShoulderRight 455,5882 248,9309
71 ElbowRight 469,0381 278,9594
71 WristRight 479,781 256,6885
71 HandRight 482,5983 242,6738
71 HipLeft 440,8884 332,5504
71 KneeLeft 451,2783 365,1452
71 AnkleLeft 457,9357 421,0419
71 FootLeft 461,3798 434,9056
71 HipRight 458,6705 333,2409
71 KneeRight 479,5423 367,3408
71 AnkleRight 486,6548 423,4488
71 FootRight 491,4222 438,4882
71 SpineShoulder 436,0315 252,1695
71 HandTipLeft 377,7961 314,0064
71 ThumbLeft 386,8342 310,5559
71 HandTipRight 484,1576 235,0812
71 ThumbRight 489,3979 242,2479
72 SpineBase 450,4423 331,4337
72 SpineMid 442,8591 284,2706
72 Neck 434,4625 241,7292
72 Head 430,2941 228,0708
72 ShoulderLeft 418,8682 254,9807
72 ElbowLeft 420,312 284,2659
72 WristLeft 392,3432 300,6329
72 HandLeft 384,9743 304,3387
72 ShoulderRight 455,8465 249,0325
72 ElbowRight 468,3295 279,1441
72 WristRight 484,6953 277,2173
72 HandRight 488,2486 260,7616
72 HipLeft 441,9215 330,7774
72 KneeLeft 450,6136 366,4232
72 AnkleLeft 457,6877 421,1501
72 FootLeft 461,0313 434,981
72 HipRight 456,8343 330,209
72 KneeRight 477,3817 363,6293
72 AnkleRight 486,662 423,4981
72 FootRight 491,4699 437,8111
72 SpineShoulder 436,279 252,0606
72 HandTipLeft 377,3487 305,1947
72 ThumbLeft 388,8412 304,6337
72 HandTipRight 488,5468 259,0383
72 ThumbRight 490,07 262,5163
73 SpineBase 450,5548 330,974
73 SpineMid 442,9634 284,0008
73 Neck 435,1725 241,352
73 Head 430,9507 228,0714
73 ShoulderLeft 418,8251 255,0485
73 ElbowLeft 424,1798 281,8773
73 WristLeft 395,5144 295,5392
73 HandLeft 384,9717 298,2966
73 ShoulderRight 455,8612 248,9732
73 ElbowRight 467,5474 279,221
73 WristRight 485,4275 284,273
73 HandRight 490,4684 263,1807
73 HipLeft 442,5656 330,5639
73 KneeLeft 449,5653 366,8357
73 AnkleLeft 457,3892 421,1104
73 FootLeft 460,715 434,8026
73 HipRight 456,9676 330,1065
73 KneeRight 477,2775 363,5888
73 AnkleRight 486,4983 423,6031
73 FootRight 491,098 437,8534
73 SpineShoulder 436,8914 251,6743
73 HandTipLeft 377,5852 299,4889
73 ThumbLeft 377,1626 299,1358
73 HandTipRight 495,7545 258,5607
73 ThumbRight 497,9567 262,8169
74 SpineBase 447,2209 327,7996
74 SpineMid 442,2133 283,2321
74 Neck 435,3729 241,329
74 Head 432,2556 228,1638
74 ShoulderLeft 418,8342 255,0988
74 ElbowLeft 422,4176 282,4694
74 WristLeft 403,0398 294,2361
74 HandLeft 388,5836 293,1471
74 ShoulderRight 455,9213 249,0418
74 ElbowRight 466,9895 279,1815
74 WristRight 489,3316 277,568
74 HandRight 492,8933 273,1896
74 HipLeft 439,0085 327,1619
74 KneeLeft 448,037 371,9083
74 AnkleLeft 457,1735 421,1506
74 FootLeft 460,6119 433,8674
74 HipRight 454,37 327,197
74 KneeRight 476,589 362,9724
74 AnkleRight 485,6612 423,0432
74 FootRight 489,9931 437,2854
74 SpineShoulder 436,9594 251,6
74 HandTipLeft 387,3141 291,7321
74 ThumbLeft 388,5288 293,8634
74 HandTipRight 500,1601 271,8251
74 ThumbRight 502,7696 273,2342
75 SpineBase 446,7764 328,4855
75 SpineMid 441,9347 283,2669
75 Neck 435,5032 241,3114
75 Head 433,1346 228,0633
75 ShoulderLeft 418,7946 255,1701
75 ElbowLeft 422,4167 282,4772
75 WristLeft 399,2675 287,1417
75 HandLeft 386,8098 288,7033
75 ShoulderRight 456,2097 249,176
75 ElbowRight 466,906 279,4202
75 WristRight 483,8401 286,7092
75 HandRight 496,2821 284,8154
75 HipLeft 438,3995 328,8927
75 KneeLeft 447,9555 371,7012
75 AnkleLeft 456,776 421,3291
75 FootLeft 459,6237 434,1638
75 HipRight 454,002 328,9003
75 KneeRight 477,1729 375,0664
75 AnkleRight 485,6366 423,7926
75 FootRight 492,7866 439,0948
75 SpineShoulder 436,9957 251,5808
75 HandTipLeft 384,6476 287,4761
75 ThumbLeft 385,2241 286,575
75 HandTipRight 505,5409 286,6453
75 ThumbRight 505,0435 286,6718
76 SpineBase 446,6651 329,0774
76 SpineMid 441,8448 283,3718
76 Neck 435,8117 241,3694
76 Head 433,9906 228,149
76 ShoulderLeft 418,7772 255,241
76 ElbowLeft 422,4592 281,6073
76 WristLeft 389,5474 277,2437
76 HandLeft 378,9534 281,1364
76 ShoulderRight 456,1704 249,6219
76 ElbowRight 467,3389 279,6009
76 WristRight 485,1891 290,6841
76 HandRight 498,6843 296,477
76 HipLeft 438,4353 329,2366
76 KneeLeft 447,8219 372,2635
76 AnkleLeft 456,6411 421,9098
76 FootLeft 459,0623 434,829
76 HipRight 454,0949 329,4444
76 KneeRight 477,0477 375,5728
76 AnkleRight 485,6783 424,0135
76 FootRight 492,3189 439,6108
76 SpineShoulder 437,1604 251,6224
76 HandTipLeft 374,2127 280,5954
76 ThumbLeft 375,5691 280,224
76 HandTipRight 506,9556 299,9445
76 ThumbRight 496,7381 299,7788
77 SpineBase 445,6583 329,8581
77 SpineMid 440,6395 283,8788
77 Neck 435,4091 241,6373
77 Head 434,7321 228,0877
77 ShoulderLeft 418,7228 255,3624
77 ElbowLeft 404,8464 273,0511
77 WristLeft 376,2747 274,0064
77 HandLeft 364,7612 266,9094
77 ShoulderRight 456,2496 249,9137
77 ElbowRight 465,8359 279,789
77 WristRight 485,9414 298,6731
77 HandRight 499,4418 307,3136
77 HipLeft 437,7621 329,7715
77 KneeLeft 447,5262 372,9411
77 AnkleLeft 456,3071 422,3095
77 FootLeft 458,4861 435,2854
77 HipRight 453,3506 330,0932
77 KneeRight 475,1475 370,8364
77 AnkleRight 485,66 424,1476
77 FootRight 492,094 439,8697
77 SpineShoulder 436,6713 251,8896
77 HandTipLeft 358,4042 264,3131
77 ThumbLeft 367,3782 262,1861
77 HandTipRight 507,6555 313,7147
77 ThumbRight 510,3775 311,764
78 SpineBase 445,4739 330,2858
78 SpineMid 440,3444 284,0563
78 Neck 435,1697 241,7826
78 Head 435,8578 228,1726
78 ShoulderLeft 418,6754 255,543
78 ElbowLeft 403,3696 271,8692
78 WristLeft 372,0832 263,4018
78 HandLeft 362,0912 257,8217
78 ShoulderRight 456,2539 249,8958
78 ElbowRight 464,53 279,775
78 WristRight 484,9475 301,6126
78 HandRight 499,0274 317,5753
78 HipLeft 437,6489 329,8942
78 KneeLeft 447,4296 373,1792
78 AnkleLeft 456,1203 422,9445
78 FootLeft 458,1759 435,9615
78 HipRight 453,2647 330,8637
78 KneeRight 474,0685 377,5218
78 AnkleRight 485,1301 423,7266
78 FootRight 489,4007 438,4391
78 SpineShoulder 436,4282 252,0219
78 HandTipLeft 354,1897 254,707
78 ThumbLeft 366,4707 254,2159
78 HandTipRight 508,6811 324,5823
78 ThumbRight 496,9394 311,7397
79 SpineBase 444,7171 331,5273
79 SpineMid 440,4542 284,1387
79 Neck 435,7767 241,7707
79 Head 436,1624 228,1372
79 ShoulderLeft 418,6527 255,6277
79 ElbowLeft 401,7354 269,7247
79 WristLeft 372,1379 257,1776
79 HandLeft 363,7635 251,2751
79 ShoulderRight 456,2639 249,9001
79 ElbowRight 468,5931 272,3305
79 WristRight 485,7574 300,5422
79 HandRight 497,7754 326,5808
79 HipLeft 436,7827 329,9969
79 KneeLeft 447,1757 373,7984
79 AnkleLeft 455,7508 423,1975
79 FootLeft 457,7254 436,3127
79 HipRight 452,8239 333,0532
79 KneeRight 475,748 384,2788
79 AnkleRight 486,1728 427,8724
79 FootRight 495,1968 442,0363
79 SpineShoulder 436,9651 251,9877
79 HandTipLeft 356,9596 245,5743
79 ThumbLeft 367,2286 247,495
79 HandTipRight 506,9081 336,1101
79 ThumbRight 497,2685 320,3823
80 SpineBase 446,5443 329,0743
80 SpineMid 441,0741 283,3881
80 Neck 436,3168 241,4299
80 Head 436,6505 227,8928
80 ShoulderLeft 418,5862 256,2287
80 ElbowLeft 399,0232 268,0522
80 WristLeft 371,6594 251,0036
80 HandLeft 364,9024 246,287
80 ShoulderRight 455,9852 254,3969
80 ElbowRight 463,131 285,2134
80 WristRight 481,3681 317,0982
80 HandRight 495,2069 333,4031
80 HipLeft 440,2059 327,9739
80 KneeLeft 447,1526 376,0109
80 AnkleLeft 455,6781 423,0372
80 FootLeft 455,6888 435,612
80 HipRight 454,3254 329,2928
80 KneeRight 469,783 378,345
80 AnkleRight 485,5808 424,1047
80 FootRight 489,2859 438,8436
80 SpineShoulder 437,4937 251,5585
80 HandTipLeft 357,0649 239,8758
80 ThumbLeft 370,6194 243,3245
80 HandTipRight 502,0375 342,9103
80 ThumbRight 495,4576 327,553
81 SpineBase 448,3683 330,7641
81 SpineMid 442,0728 283,8789
81 Neck 436,5773 241,4333
81 Head 436,7691 227,903
81 ShoulderLeft 418,559 256,7984
81 ElbowLeft 399,094 268,0438
81 WristLeft 373,2634 248,6923
81 HandLeft 367,099 242,0522
81 ShoulderRight 456,5434 252,8172
81 ElbowRight 466,4508 283,1452
81 WristRight 482,0105 317,0006
81 HandRight 489,7275 334,2057
81 HipLeft 441,1838 330,934
81 KneeLeft 447,032 375,5035
81 AnkleLeft 455,5719 423,1669
81 FootLeft 455,9276 435,9678
81 HipRight 455,4012 329,7092
81 KneeRight 473,6295 375,3145
81 AnkleRight 484,8331 422,6209
81 FootRight 487,2456 437,3788
81 SpineShoulder 437,7626 251,6082
81 HandTipLeft 359,5257 235,4079
81 ThumbLeft 372,6616 238,9945
81 HandTipRight 494,5594 338,4
81 ThumbRight 486,8239 330,3645
82 SpineBase 448,3211 329,7641
82 SpineMid 442,1659 283,7533
82 Neck 436,7821 241,4149
82 Head 437,3183 227,7279
82 ShoulderLeft 418,5508 256,6085
82 ElbowLeft 399,3786 267,3279
82 WristLeft 374,6101 246,0682
82 HandLeft 369,7074 238,7858
82 ShoulderRight 456,5681 252,861
82 ElbowRight 469,9522 283,9112
82 WristRight 460,3486 313,7602
82 HandRight 456,2518 322,8248
82 HipLeft 441,2107 330,55
82 KneeLeft 446,7979 374,9235
82 AnkleLeft 455,267 422,9133
82 FootLeft 455,645 435,7411
82 HipRight 455,4139 328,7155
82 KneeRight 473,7727 375,3933
82 AnkleRight 484,8716 422,6557
82 FootRight 487,3385 437,4349
82 SpineShoulder 437,9438 251,578
82 HandTipLeft 363,4916 231,9788
82 ThumbLeft 374,7094 235,0527
82 HandTipRight 458,0869 331,7389
82 ThumbRight 446,9024 320,1943
83 SpineBase 450,734 327,65
83 SpineMid 442,9554 283,0043
83 Neck 436,9499 241,3489
83 Head 437,4994 227,6971
83 ShoulderLeft 418,6239 255,7931
83 ElbowLeft 418,7217 283,6796
83 WristLeft 395,2006 258,3549
83 HandLeft 384,0232 255,9615
83 ShoulderRight 457,9805 248,3588
83 ElbowRight 468,4185 278,6918
83 WristRight 464,8123 302,9524
83 HandRight 460,3246 313,2533
83 HipLeft 443,7568 327,7336
83 KneeLeft 446,8199 374,6073
83 AnkleLeft 455,1208 422,7247
83 FootLeft 458,4023 435,4807
83 HipRight 457,7341 327,5903
83 KneeRight 473,8649 365,0942
83 AnkleRight 484,4854 422,5895
83 FootRight 489,2774 436,7311
83 SpineShoulder 438,2326 251,4476
83 HandTipLeft 382,4266 254,2035
83 ThumbLeft 384,0968 254,0093
83 HandTipRight 453,8595 323,0366
83 ThumbRight 453,1179 305,5299
84 SpineBase 450,6174 327,5242
84 SpineMid 443,1417 282,4553
84 Neck 437,0247 241,1937
84 Head 437,4164 227,364
84 ShoulderLeft 419,2197 255,9845
84 ElbowLeft 417,3915 287,9061
84 WristLeft 396,9046 259,7366
84 HandLeft 385,6926 256,4803
84 ShoulderRight 458,0116 250,7079
84 ElbowRight 463,9958 279,6704
84 WristRight 458,1695 312,2073
84 HandRight 456,1987 322,5855
84 HipLeft 443,6783 327,6921
84 KneeLeft 448,6236 382,7912
84 AnkleLeft 456,399 428,7918
84 FootLeft 452,9063 440,1628
84 HipRight 457,7386 327,2215
84 KneeRight 471,5862 378,0965
84 AnkleRight 485,4725 424,0571
84 FootRight 492,0574 437,3108
84 SpineShoulder 438,3711 251,1909
84 HandTipLeft 384,6296 254,1851
84 ThumbLeft 384,5039 254,5314
84 HandTipRight 454,5901 333,987
84 ThumbRight 449,1355 326,427
85 SpineBase 449,7608 327,7657
85 SpineMid 443,1878 282,4115
85 Neck 437,2016 241,1165
85 Head 437,2947 227,2666
85 ShoulderLeft 419,0912 254,9421
85 ElbowLeft 422,1777 282,9059
85 WristLeft 399,699 255,8189
85 HandLeft 387,5121 245,8821
85 ShoulderRight 457,8467 250,6154
85 ElbowRight 464,4485 279,221
85 WristRight 461,1624 313,451
85 HandRight 458,6237 323,9117
85 HipLeft 443,3076 327,7804
85 KneeLeft 447,1835 370,1703
85 AnkleLeft 455,2931 422,2463
85 FootLeft 458,7599 435,5781
85 HipRight 455,859 327,9116
85 KneeRight 474,1469 380,5155
85 AnkleRight 480,0706 424,5528
85 FootRight 489,8223 433,4144
85 SpineShoulder 438,5433 251,1158
85 HandTipLeft 386,8857 238,9723
85 ThumbLeft 388,8799 256,477
85 HandTipRight 454,4454 334,1656
85 ThumbRight 466,3877 329,2291
86 SpineBase 449,1652 327,3263
86 SpineMid 442,9904 282,2148
86 Neck 437,2035 241,082
86 Head 437,0154 227,1388
86 ShoulderLeft 419,0461 254,6888
86 ElbowLeft 419,0426 284,4662
86 WristLeft 399,221 255,681
86 HandLeft 388,0236 242,7855
86 ShoulderRight 457,7224 250,7406
86 ElbowRight 465,5204 280,3955
86 WristRight 459,893 313,0468
86 HandRight 457,558 322,903
86 HipLeft 442,4005 327,1208
86 KneeLeft 447,274 369,7561
86 AnkleLeft 455,2278 421,9534
86 FootLeft 458,6756 435,2118
86 HipRight 455,5804 327,5562
86 KneeRight 474,0391 380,1092
86 AnkleRight 479,985 423,9815
86 FootRight 489,7531 433,2361
86 SpineShoulder 438,5347 251,0535
86 HandTipLeft 386,165 239,1639
86 ThumbLeft 390,8556 238,8653
86 HandTipRight 455,2346 333,398
86 ThumbRight 465,2751 322,278
87 SpineBase 447,4376 326,9942
87 SpineMid 442,1255 281,971
87 Neck 436,9787 240,9724
87 Head 436,1254 226,9588
87 ShoulderLeft 420,5418 252,954
87 ElbowLeft 430,17 280,4922
87 WristLeft 405,6383 255,1246
87 HandLeft 392,977 243,0147
87 ShoulderRight 457,6063 251,1478
87 ElbowRight 468,6511 281,9221
87 WristRight 463,5266 313,688
87 HandRight 462,1312 323,5578
87 HipLeft 440,6385 326,6331
87 KneeLeft 447,5527 368,1931
87 AnkleLeft 455,2951 421,8802
87 FootLeft 459,8816 435,1717
87 HipRight 454,0631 327,3543
87 KneeRight 473,4834 379,6864
87 AnkleRight 479,123 423,3938
87 FootRight 489,3662 432,9133
87 SpineShoulder 438,2108 250,9082
87 HandTipLeft 392,5325 238,9218
87 ThumbLeft 393,356 242,2268
87 HandTipRight 459,4388 330,6797
87 ThumbRight 469,3145 330,5656
88 SpineBase 447,1589 326,9724
88 SpineMid 441,907 281,8405
88 Neck 436,8742 240,7618
88 Head 435,4198 226,7957
88 ShoulderLeft 421,0461 252,6378
88 ElbowLeft 422,6528 283,1399
88 WristLeft 403,702 254,9057
88 HandLeft 394,0753 242,1968
88 ShoulderRight 457,5214 251,5371
88 ElbowRight 468,4572 281,9594
88 WristRight 466,9059 315,5244
88 HandRight 465,2563 325,157
88 HipLeft 440,3099 326,578
88 KneeLeft 447,9129 363,4846
88 AnkleLeft 455,546 421,8809
88 FootLeft 460,4302 435,338
88 HipRight 453,8804 327,3581
88 KneeRight 473,4797 379,6427
88 AnkleRight 478,6667 423,4972
88 FootRight 489,4775 432,8855
88 SpineShoulder 438,0785 250,7089
88 HandTipLeft 391,4611 239,2199
88 ThumbLeft 396,6853 241,1511
88 HandTipRight 464,5068 331,8253
88 ThumbRight 473,2265 327,8082
89 SpineBase 446,7085 327,4124
89 SpineMid 440,9608 282,1819
89 Neck 435,3178 241,1374
89 Head 434,4201 226,7375
89 ShoulderLeft 421,3075 252,3377
89 ElbowLeft 422,4639 283,941
89 WristLeft 406,6487 256,8447
89 HandLeft 397,5001 244,0175
89 ShoulderRight 457,3967 251,7572
89 ElbowRight 469,3259 281,9817
89 WristRight 468,1422 315,8325
89 HandRight 467,3329 325,1209
89 HipLeft 439,6339 327,2542
89 KneeLeft 448,5949 364,8538
89 AnkleLeft 455,702 421,5606
89 FootLeft 460,85 435,1992
89 HipRight 453,2328 328,0549
89 KneeRight 473,4657 380,0889
89 AnkleRight 478,2419 423,8603
89 FootRight 489,4127 432,5037
89 SpineShoulder 436,6941 251,0512
89 HandTipLeft 394,5822 241,4913
89 ThumbLeft 400,7204 242,4916
89 HandTipRight 466,6236 332,346
89 ThumbRight 475,7462 327,0994
90 SpineBase 447,5583 327,2607
90 SpineMid 441,1938 281,9382
90 Neck 435,3962 240,8395
90 Head 433,4659 226,8907
90 ShoulderLeft 420,0493 248,8992
90 ElbowLeft 422,168 277,7513
90 WristLeft 405,568 252,9748
90 HandLeft 397,162 239,0103
90 ShoulderRight 456,1908 253,8812
90 ElbowRight 469,9757 283,4132
90 WristRight 483,0486 316,9828
90 HandRight 478,5571 326,0572
90 HipLeft 441,7913 326,7271
90 KneeLeft 449,3284 365,0806
90 AnkleLeft 456,0918 421,426
90 FootLeft 462,3747 435,0729
90 HipRight 453,5655 327,9642
90 KneeRight 479,2286 376,015
90 AnkleRight 484,7727 423,1079
90 FootRight 491,9906 436,503
90 SpineShoulder 436,7997 250,7656
90 HandTipLeft 388,5694 230,6229
90 ThumbLeft 404,2104 234,77
90 HandTipRight 476,8614 333,8387
90 ThumbRight 482,0187 329,591
91 SpineBase 455,7383 325,0068
91 SpineMid 443,5253 280,7491
91 Neck 435,2686 240,4037
91 Head 433,0141 226,9336
91 ShoulderLeft 419,9163 245,9537
91 ElbowLeft 420,834 275,852
91 WristLeft 408,318 257,4489
91 HandLeft 401,3177 244,402
91 ShoulderRight 452,6086 250,7146
91 ElbowRight 466,7631 280,4084
91 WristRight 483,2493 312,0643
91 HandRight 482,4348 321,9849
91 HipLeft 449,2511 325,6851
91 KneeLeft 450,3178 376,856
91 AnkleLeft 456,7801 422,5138
91 FootLeft 464,0542 435,4917
91 HipRight 462,2234 324,3542
91 KneeRight 476,4868 378,382
91 AnkleRight 484,7076 423,608
91 FootRight 493,2939 436,0141
91 SpineShoulder 437,0247 250,2355
91 HandTipLeft 394,1946 236,2516
91 ThumbLeft 409,4625 241,3363
91 HandTipRight 483,2632 332,5723
91 ThumbRight 489,3851 322,1621
92 SpineBase 454,7962 321,6069
92 SpineMid 443,4065 279,1566
92 Neck 434,5949 239,8757
92 Head 432,1465 226,9136
92 ShoulderLeft 419,1049 244,9334
92 ElbowLeft 425,3763 272,8475
92 WristLeft 413,5601 261,2425
92 HandLeft 405,5967 252,1918
92 ShoulderRight 451,8474 249,0792
92 ElbowRight 468,617 277,0707
92 WristRight 485,944 308,5386
92 HandRight 482,5178 312,3568
92 HipLeft 447,831 321,8774
92 KneeLeft 455,6339 376,4559
92 AnkleLeft 449,9506 421,2194
92 FootLeft 460,9254 432,364
92 HipRight 461,5488 320,0564
92 KneeRight 478,4524 373,3579
92 AnkleRight 483,4931 418,1125
92 FootRight 492,2691 430,9894
92 SpineShoulder 436,5757 249,5143
92 HandTipLeft 398,2809 245,2941
92 ThumbLeft 412,5468 247,2015
92 HandTipRight 482,8555 321,916
92 ThumbRight 491,304 311,2636
93 SpineBase 455,1511 330,3596
93 SpineMid 443,6082 280,5471
93 Neck 434,4543 239,7677
93 Head 430,68 226,9281
93 ShoulderLeft 419,8145 246,8438
93 ElbowLeft 429,8247 274,1626
93 WristLeft 417,18 268,7511
93 HandLeft 409,5621 261,631
93 ShoulderRight 454,8083 255,2622
93 ElbowRight 474,6998 283,4409
93 WristRight 508,4232 290,7008
93 HandRight 518,8961 292,2678
93 HipLeft 446,9163 328,1365
93 KneeLeft 451,2259 364,4869
93 AnkleLeft 457,0256 421,4638
93 FootLeft 464,696 435,1784
93 HipRight 463,7739 331,9785
93 KneeRight 478,8013 386,3211
93 AnkleRight 477,7677 431,6107
93 FootRight 491,8056 430,8832
93 SpineShoulder 436,532 249,5267
93 HandTipLeft 402,172 258,2702
93 ThumbLeft 414,994 256,297
93 HandTipRight 528,5244 297,2468
93 ThumbRight 519,7645 285,7464
94 SpineBase 458,0519 338,0373
94 SpineMid 445,644 285,6076
94 Neck 434,6205 239,9011
94 Head 430,049 227,2832
94 ShoulderLeft 428,1268 244,9841
94 ElbowLeft 431,7611 273,1251
94 WristLeft 418,7567 279,5359
94 HandLeft 414,1449 273,4666
94 ShoulderRight 454,7673 255,2334
94 ElbowRight 472,8661 284,382
94 WristRight 506,7344 284,1931
94 HandRight 515,6711 284,3526
94 HipLeft 448,0026 335,472
94 KneeLeft 453,7184 376,735
94 AnkleLeft 457,2719 421,6042
94 FootLeft 466,832 436,1263
94 HipRight 468,1719 340,5727
94 KneeRight 482,2404 396,0015
94 AnkleRight 485,7458 442,7644
94 FootRight 499,3251 455,8324
94 SpineShoulder 437,0149 250,2492
94 HandTipLeft 407,0681 272,1467
94 ThumbLeft 420,8376 269,6406
94 HandTipRight 523,351 286,263
94 ThumbRight 514,5278 277,3282
95 SpineBase 452,2287 341,592
95 SpineMid 443,2712 286,5269
95 Neck 433,6535 239,3382
95 Head 429,1079 227,4326
95 ShoulderLeft 420,3397 247,2367
95 ElbowLeft 419,1193 270,558
95 WristLeft 421,4232 291,3266
95 HandLeft 419,0449 286,2228
95 ShoulderRight 455,4033 253,4985
95 ElbowRight 472,4909 282,6748
95 WristRight 506,5478 280,4392
95 HandRight 513,2816 276,1701
95 HipLeft 443,7244 338,3127
95 KneeLeft 451,6405 379,5369
95 AnkleLeft 460,2991 441,2269
95 FootLeft 469,2275 455,225
95 HipRight 461,2016 344,5559
95 KneeRight 481,1123 398,7899
95 AnkleRight 489,4945 445,4271
95 FootRight 502,5385 458,0502
95 SpineShoulder 436,0624 250,2398
95 HandTipLeft 412,12 290,9765
95 ThumbLeft 422,8456 282,2197
95 HandTipRight 520,8558 273,1217
95 ThumbRight 512,2606 269,6833
96 SpineBase 451,1175 341,6334
96 SpineMid 442,204 286,9055
96 Neck 433,5238 239,2644
96 Head 428,377 227,5651
96 ShoulderLeft 420,2746 247,093
96 ElbowLeft 430,9329 274,1573
96 WristLeft 424,1801 294,0716
96 HandLeft 419,8378 299,4238
96 ShoulderRight 454,4709 253,5309
96 ElbowRight 472,585 282,5943
96 WristRight 504,8021 272,681
96 HandRight 513,1276 269,3243
96 HipLeft 442,6889 340,5033
96 KneeLeft 455,7408 396,88
96 AnkleLeft 459,4312 444,8491
96 FootLeft 468,4061 458,3343
96 HipRight 458,317 342,0867
96 KneeRight 479,456 395,4769
96 AnkleRight 487,3843 442,0125
96 FootRight 500,4312 453,8725
96 SpineShoulder 435,7884 250,2962
96 HandTipLeft 414,2014 308,2323
96 ThumbLeft 419,6843 295,2904
96 HandTipRight 520,9078 267,5592
96 ThumbRight 512,959 263,4012
97 SpineBase 446,1139 342,4441
97 SpineMid 441,1379 287,8184
97 Neck 434,0849 239,7291
97 Head 428,0474 227,3015
97 ShoulderLeft 420,9461 247,436
97 ElbowLeft 431,8067 274,5687
97 WristLeft 424,6327 296,2798
97 HandLeft 422,7812 304,7818
97 ShoulderRight 455,3246 254,4046
97 ElbowRight 473,2633 283,8276
97 WristRight 502,5482 267,3561
97 HandRight 510,5916 262,5622
97 HipLeft 437,8891 339,4944
97 KneeLeft 453,8269 388,1292
97 AnkleLeft 460,5537 442,529
97 FootLeft 468,1278 455,9573
97 HipRight 453,6669 345,6421
97 KneeRight 478,922 397,3958
97 AnkleRight 488,9125 444,0907
97 FootRight 502,069 455,4856
97 SpineShoulder 435,9437 250,891
97 HandTipLeft 422,3117 304,7873
97 ThumbLeft 422,6212 300,6708
97 HandTipRight 518,6459 259,1028
97 ThumbRight 505,2609 257,4079
98 SpineBase 446,3813 341,5044
98 SpineMid 440,863 287,6403
98 Neck 434,0628 239,7071
98 Head 427,7472 227,3705
98 ShoulderLeft 415,1006 247,3253
98 ElbowLeft 424,1689 273,6588
98 WristLeft 421,0835 301,5699
98 HandLeft 423,4717 319,9284
98 ShoulderRight 453,4731 252,3174
98 ElbowRight 473,0692 280,7273
98 WristRight 500,317 261,1345
98 HandRight 507,7414 255,3755
98 HipLeft 438,6759 339,8428
98 KneeLeft 455,6653 379,0705
98 AnkleLeft 459,4071 441,0807
98 FootLeft 461,565 454,5754
98 HipRight 453,8267 341,8264
98 KneeRight 478,0212 393,8184
98 AnkleRight 486,844 440,0891
98 FootRight 498,9329 451,5153
98 SpineShoulder 435,869 250,8837
98 HandTipLeft 419,8833 321,9284
98 ThumbLeft 427,4411 320,1559
98 HandTipRight 515,5273 250,3246
98 ThumbRight 501,9421 250,8877
99 SpineBase 454,6216 339,0634
99 SpineMid 441,9892 287,4618
99 Neck 433,4692 240,2039
99 Head 427,6381 227,3783
99 ShoulderLeft 415,6354 247,5249
99 ElbowLeft 417,4259 271,7969
99 WristLeft 420,4297 302,84
99 HandLeft 428,5096 308,4623
99 ShoulderRight 452,7841 251,9668
99 ElbowRight 468,8803 282,1227
99 WristRight 493,6428 259,2654
99 HandRight 503,0177 251,3513
99 HipLeft 450,1686 342,2221
99 KneeLeft 451,7907 386,385
99 AnkleLeft 462,3824 446,4982
99 FootLeft 469,2516 460,5112
99 HipRight 459,0347 336,0679
99 KneeRight 477,8491 388,656
99 AnkleRight 484,8932 434,7479
99 FootRight 495,4397 445,0346
99 SpineShoulder 435,5684 251,3439
99 HandTipLeft 428,002 309,0025
99 ThumbLeft 428,5809 308,4623
99 HandTipRight 508,4898 246,0689
99 ThumbRight 498,0973 248,1928
100 SpineBase 448,364 340,4676
100 SpineMid 441,2072 287,4679
100 Neck 433,1974 239,9906
100 Head 427,552 227,4207
100 ShoulderLeft 416,6609 247,5431
100 ElbowLeft 429,0987 274,2309
100 WristLeft 425,9671 307,7905
100 HandLeft 430,4635 318,5104
100 ShoulderRight 452,6114 251,4921
100 ElbowRight 475,6835 277,2809
100 WristRight 498,1447 252,0317
100 HandRight 502,843 243,2124
100 HipLeft 439,2518 341,8417
100 KneeLeft 454,1705 379,242
100 AnkleLeft 460,2459 441,3182
100 FootLeft 463,5515 455,3457
100 HipRight 457,2461 338,2915
100 KneeRight 480,9619 376,3781
100 AnkleRight 486,25 424,0078
100 FootRight 493,0545 437,7663
100 SpineShoulder 435,2541 251,258
100 HandTipLeft 430,4022 322,2492
100 ThumbLeft 433,6128 318,7532
100 HandTipRight 510,6088 235,854
100 ThumbRight 495,6547 241,2875
